22701,'Fête-1-01',852,,23543,60,,,0,200,,23544,60,,,0,200,,23545,60,,,0,200,,23546,60,,,0,200,,23547,60,,,0,200,,23548,60,,,0,200,,23549,60,,,0
22701,'Fête-2-01',552,,23552,60,,,0,70,,23553,60,,,0,30,,23554,60,,,0,80,,23555,60,,,0,80,,23556,60,,,0,40,,23557,60,,,0,100,,23558,60,,,0,100,,23559,60,,,0,100,,23560,60,,,0,100,,23561,60,,,0,100,,23562,60,,,0,100,,23563,60,,,0,100,,23564,60,,,0,90,,23565,60,,,0,80,,23566,60,,,0,80,,23567,60,,,0,35,,23568,60,,,0,70,,23569,60,,,0,45,,23570,60,,,0,100,,23571,60,,,0,100,,23572,60,,,0,100,,23573,60,0,8 14 1 15 16 17,0
22701,'Semaine-01',552,,23576,60,,,0,70,,23577,60,,,0,30,,23578,60,,,0,80,,23579,60,,,0,80,,23580,60,,,0,40,,23581,60,,,0,100,,23582,60,,,0,100,,23583,60,,,0,100,,23584,60,,,0,100,,23585,60,,,0,100,,23586,60,,,0,100,,23587,60,,,0,100,,23588,60,,,0,90,,23589,60,,,0,80,,23590,60,,,0,80,,23591,60,,,0,35,,23592,60,,,0,70,,23593,60,,,0,45,,23594,60,,,0,100,,23595,60,,,0,100,,23596,60,,,0,100,,23597,60,0,8 14 1 15 16 17,0
22701,'Week-end-01',852,,17668,60,,,0,200,,17669,60,,,0,200,,17670,60,,,0,200,,17671,60,,,0,200,,17672,60,,,0,200,,17673,60,,,0,200,,17674,60,,,0
22800,'Fête-1-01',752,,23605,60,,,0,200,,23602,60,,,0,200,,23603,60,,,0,200,,23598,60,,,0,200,,23600,60,,,0,200,,23604,60,,,0,200,,23601,60,,,0,200,,23599,60,0,8 14 1 18 19,0
22800,'Fête-2-01',607,,23607,60,,,0,30,,23608,60,,,0,75,,23609,60,,,0,40,,23610,60,,,0,80,,23611,60,,,0,90,,23612,60,,,0,100,,23613,60,,,0,100,,23614,60,,,0,100,,23615,60,,,0,100,,23616,60,,,0,100,,23617,60,,,0,100,,23618,60,,,0,100,,23619,60,,,0,80,,23620,60,,,0,40,,23621,60,,,0,80,,23622,60,,,0,30,,23623,60,,,0,70,,23624,60,,,0,100,,23625,60,,,0,100,,23626,60,,,0,100,,23627,60,,,0,100,,23628,60,0,8 14 1 18 19,0
22800,'Semaine-01',607,,23631,60,,,0,30,,23632,60,,,0,75,,23633,60,,,0,40,,23634,60,,,0,80,,23635,60,,,0,90,,23636,60,,,0,100,,23637,60,,,0,100,,23638,60,,,0,100,,23639,60,,,0,100,,23640,60,,,0,100,,23641,60,,,0,100,,23642,60,,,0,100,,23643,60,,,0,80,,23644,60,,,0,40,,23645,60,,,0,80,,23646,60,,,0,30,,23647,60,,,0,70,,23648,60,,,0,100,,23649,60,,,0,100,,23650,60,,,0,100,,23651,60,,,0,100,,23652,60,0,8 14 1 18 19,0
22800,'Week-end-01',752,,17738,60,,,0,200,,17735,60,,,0,200,,17736,60,,,0,200,,17731,60,,,0,200,,17733,60,,,0,200,,17737,60,,,0,200,,17734,60,,,0,200,,17732,60,0,8 14 1 18 19,0
60500,'Semaine-01',642,,25886,60,,,0,205,,25887,60,,,0
70801,'Fête-1-01',628,,26134,60,,,0,99,,26150,60,,,0,74,,26135,60,,,0,100,,26136,60,,,0,51,,26137,60,,,0,100,,26138,60,,,0,100,,26139,60,,,0,100,,26140,60,,,0,100,,26141,60,,,0,100,,26142,60,,,0,100,,26143,60,,,0,100,,26144,60,,,0,100,,26145,60,,,0,100,,26146,60,,,0,101,,26147,60,,,0,100,,26148,60,,,0,100,,26149,60,,,0,80,,26132,60,,,0,118,,26133,60,,,0
70801,'Fête-2-01',438,,26151,60,,,0,69,,26152,60,,,0,45,,26153,60,,,0,70,,26154,60,,,0,30,,26155,60,,,0,70,,26156,60,,,0,30,,26157,60,,,0,70,,26158,60,,,0,30,,26159,60,,,0,100,,26160,60,,,0,100,,26161,60,,,0,100,,26162,60,,,0,100,,26163,60,,,0,100,,26164,60,,,0,100,,26165,60,,,0,100,,26166,60,,,0,70,,26167,60,,,0,30,,26168,60,,,0,75,,26169,60,,,0,30,,26170,60,,,0,70,,26171,60,,,0,25,,26172,60,,,0,100,,26173,60,,,0,100,,26174,60,,,0,100,,26175,60,,,0,100,,26176,60,,,0,96,,26177,60,,,0,100,,26183,60,,,0
70801,'Semaine-01',438,,26184,60,,,0,69,,26185,60,,,0,45,,26186,60,,,0,70,,26187,60,,,0,25,,26227,60,,,0,5,,26188,60,,,0,70,,26189,60,,,0,30,,26190,60,,,0,70,,26191,60,,,0,30,,26192,60,,,0,70,,26193,60,,,0,30,,26194,60,,,0,70,,26195,60,,,0,30,,26196,60,,,0,70,,26197,60,,,0,30,,26198,60,,,0,70,,26199,60,,,0,30,,26200,60,,,0,70,,26201,60,,,0,30,,26202,60,,,0,70,,26203,60,,,0,30,,26204,60,,,0,70,,26205,60,,,0,30,,26206,60,,,0,70,,26207,60,,,0,30,,26208,60,,,0,75,,26209,60,,,0,30,,26210,60,,,0,70,,26211,60,,,0,25,,26212,60,,,0,70,,26213,60,,,0,30,,26214,60,,,0,70,,26215,60,,,0,30,,26216,60,,,0,100,,26217,60,,,0,100,,26218,60,,,0,96,,26219,60,,,0,100,,26226,60,,,0
70801,'Week-end-01',628,,20854,60,,,0,99,,20870,60,,,0,74,,20855,60,,,0,100,,20856,60,,,0,51,,20857,60,,,0,100,,20858,60,,,0,100,,20859,60,,,0,100,,20860,60,,,0,100,,20861,60,,,0,100,,20862,60,,,0,100,,20863,60,,,0,100,,20864,60,,,0,100,,20865,60,,,0,100,,20866,60,,,0,101,,20867,60,,,0,100,,20868,60,,,0,100,,20869,60,,,0,80,,20852,60,,,0,118,,20853,60,,,0
