24001,'Fête-2-01',537,,24314,50,,,0,64,,24315,50,,,0,34,,24316,50,,,0,23,,24317,50,,,0,143,,24318,50,,,0,102,,24319,50,,,0,100,,24320,50,,,0,100,,24321,50,,,0,100,,24322,50,,,0,100,,24323,50,,,0,100,,24324,50,,,0,107,,24325,50,,,0,112,,24326,50,,,0,99,,24327,50,,,0,28,,24328,50,,,0,71,,24329,50,,,0,33,,24330,50,,,0,97,,24331,50,,,0,68,,24332,50,,,0,99,,24333,50,,,0,98,,24334,50,,,0,97,,24335,50,,,0
24001,'Semaine-01',537,,24336,50,,,0,64,,24337,50,,,0,34,,24338,50,,,0,23,,24339,50,,,0,77,,24340,50,,,0,66,,24341,50,,,0,33,,24342,50,,,0,69,,24343,50,,,0,100,,24344,50,,,0,100,,24345,50,,,0,100,,24346,50,,,0,100,,24347,50,,,0,100,,24348,50,,,0,107,,24349,50,,,0,40,,24351,50,,,0,72,,24352,50,,,0,28,,24353,50,,,0,71,,24354,50,,,0,28,,24355,50,,,0,71,,24356,50,,,0,33,,24357,50,,,0,66,,24358,50,,,0,31,,24359,50,,,0,68,,24360,50,,,0,99,,24361,50,,,0,98,,24362,50,,,0,97,,24363,50,,,0
24300,'Fête-2-01',628,,24475,50,,,0,22,,24476,50,,,0,88,,24477,50,,,0,18,,24478,50,,,0,88,,24479,50,,,0,14,,24480,50,,,0,145,,24481,50,,,0,100,,24482,50,,,0,100,,24483,50,,,0,100,,24484,50,,,0,100,,24485,50,,,0,110,,24486,50,,,0,40,,24487,50,,,0,75,,24488,50,,,0,85,,24489,50,,,0,30,,24490,50,,,0,77,,24491,50,,,0,35,,24492,50,,,0,73,,24493,50,,,0,84,,24494,50,,,0,102,,24495,50,,,0,100,,24496,50,,,0,100,,24472,50,0,8 9 1 10,0
24300,'Semaine-01',628,,24500,50,,,0,22,,24501,50,,,0,88,,24502,50,,,0,18,,24503,50,,,0,88,,24504,50,,,0,14,,24505,50,,,0,145,,24506,50,,,0,100,,24507,50,,,0,100,,24508,50,,,0,100,,24509,50,,,0,100,,24510,50,,,0,110,,24511,50,,,0,40,,24512,50,,,0,75,,24513,50,,,0,85,,24514,50,,,0,30,,24515,50,,,0,77,,24516,50,,,0,35,,24517,50,,,0,73,,24518,50,,,0,84,,24519,50,,,0,102,,24520,50,,,0,100,,24521,50,,,0,100,,24497,50,0,8 9 1 10,0
24601,'Fête-2-01',602,,24531,480,,,0,47,,24530,480,,,0,90,,24529,480,,,0,93,,24528,480,,,0,89,,24527,480,,,0,698,,24526,480,,,0,92,,24525,480,,,0,91,,24524,480,,,0,53,,24523,480,,,0,86,,24522,480,,,0
24601,'Semaine-01',602,,24541,480,,,0,47,,24540,480,,,0,89,,24539,480,,,0,93,,24538,480,,,0,89,,24537,480,,,0,699,,24536,480,,,0,92,,24535,480,,,0,93,,24534,480,,,0,52,,24533,480,,,0,87,,24532,480,,,0
24701,'Fête-1-01',755,,24583,480,,,0,170,,24584,480,,,0,130,,24585,480,,,0,170,,24586,480,,,0,130,,24587,480,,,0,170,,24588,480,,,0,130,,24589,480,,,0,170,,24590,480,,,0
24701,'Fête-2-01',554,,24595,480,,,0,70,,24596,480,,,0,122,,24597,480,,,0,60,,24598,480,,,0,40,,24599,480,,,0,108,,24600,480,,,0,172,,24601,480,,,0,130,,24602,480,,,0,170,,24603,480,,,0,182,,24604,480,,,0,24,,24605,480,,,0,116,,24591,480,,,0,69,,24606,480,,,0,184,,24592,480,,,0,130,,24593,480,,,0,170,,24594,480,,,0
24701,'Semaine-01',554,,24612,480,,,0,70,,24613,480,,,0,82,,24614,480,,,0,40,,24615,480,,,0,60,,24616,480,,,0,40,,24617,480,,,0,108,,24618,480,,,0,172,,24619,480,,,0,130,,24620,480,,,0,170,,24621,480,,,0,182,,24622,480,,,0,24,,24623,480,,,0,116,,24607,480,,,0,69,,24624,480,,,0,23,,24608,480,,,0,161,,24609,480,,,0,130,,24610,480,,,0,170,,24611,480,,,0
24701,'Week-end-01',755,,18888,480,,,0,170,,18889,480,,,0,130,,18890,480,,,0,170,,18891,480,,,0,130,,18892,480,,,0,170,,18893,480,,,0,130,,18894,480,,,0,170,,18895,480,,,0
24900,'Fête-1-01',807,,24647,50,0,5,0,130,,24648,50,0,5,0,170,,24657,50,0,5,0,130,,24649,50,0,5,0,170,,24650,50,0,5,0,130,,24651,50,0,5,0,170,,24652,50,0,5,0,130,,24653,50,0,5,0,170,,24654,50,0,5,0,130,,24655,50,0,5,0,170,,24656,50,0,5,0
24900,'Fête-2-01',635,,24659,50,,,0,68,,24660,50,,,0,34,,24661,50,,,0,97,,24662,50,,,0,174,,24663,50,,,0,100,,24664,50,,,0,101,,24665,50,,,0,100,,24666,50,,,0,100,,24667,50,,,0,106,,24668,50,,,0,39,,24669,50,,,0,69,,24670,50,,,0,93,,24671,50,,,0,32,,24672,50,,,0,74,,24673,50,,,0,91,,24674,50,,,0,100,,24675,50,,,0,100,,24676,50,,,0,100,,24677,50,,,0,100,,24658,50,,,0
24900,'Semaine-01',638,,24679,50,,,0,65,,24680,50,,,0,34,,24681,50,,,0,97,,24682,50,,,0,69,,24683,50,,,0,105,,24684,50,,,0,100,,24685,50,,,0,101,,24686,50,,,0,100,,24687,50,,,0,100,,24688,50,,,0,106,,24689,50,,,0,39,,24690,50,,,0,69,,24691,50,,,0,93,,24692,50,,,0,32,,24693,50,,,0,74,,24694,50,,,0,91,,24695,50,,,0,100,,24696,50,,,0,100,,24697,50,,,0,100,,24698,50,,,0,100,,24678,50,,,0
24900,'Week-end-01',807,,18970,50,0,5,0,130,,18971,50,0,5,0,170,,18980,50,0,5,0,130,,18972,50,0,5,0,170,,18973,50,0,5,0,130,,18974,50,0,5,0,170,,18975,50,0,5,0,130,,18976,50,0,5,0,170,,18977,50,0,5,0,130,,18978,50,0,5,0,170,,18979,50,0,5,0
24901,'Fête-1-01',756,,24699,600,,,0,168,,24700,600,,,0,130,,24701,600,,,0,170,,24702,600,,,0,130,,24703,600,,,0,170,,24704,600,,,0,130,,24705,600,,,0,170,,24706,600,,,0,130,,24707,600,,,0,170,,24708,600,,,0,130,,24709,600,,,0
24901,'Fête-2-01',623,,24710,600,,,0,23,,24711,600,,,0,78,,24712,600,,,0,98,,24713,600,,,0,24,,24714,600,,,0,100,,24715,600,,,0,95,,24716,600,,,0,100,,24717,600,,,0,100,,24718,600,,,0,100,,24719,600,,,0,100,,24720,600,,,0,161,,24721,600,,,0,54,,24722,600,,,0,79,,24723,600,,,0,72,,24724,600,,,0,52,,24725,600,,,0,98,,24726,600,,,0,101,,24727,600,,,0,143,,24728,600,,,0,57,,24729,600,,,0
24901,'Semaine-01',623,,24730,600,,,0,23,,24731,600,,,0,78,,24732,600,,,0,97,,24733,600,,,0,25,,24734,600,,,0,100,,24735,600,,,0,95,,24736,600,,,0,100,,24737,600,,,0,100,,24738,600,,,0,100,,24739,600,,,0,100,,24740,600,,,0,99,,24741,600,,,0,62,,24742,600,,,0,54,,24743,600,,,0,79,,24744,600,,,0,74,,24745,600,,,0,50,,24746,600,,,0,98,,24747,600,,,0,101,,24748,600,,,0,143,,24749,600,,,0,57,,24750,600,,,0
24901,'Week-end-01',756,,19032,600,,,0,168,,19033,600,,,0,130,,19034,600,,,0,170,,19035,600,,,0,130,,19036,600,,,0,170,,19037,600,,,0,130,,19038,600,,,0,170,,19039,600,,,0,130,,19040,600,,,0,170,,19041,600,,,0,130,,19042,600,,,0
25001,'Fête-1-01',753,,24752,560,0,31 32,0,100,,24751,560,0,31 32,0,69,,24755,910,,,0,100,,24753,910,,,0,101,,24756,910,,,0,99,,24757,910,,,0,100,,24754,910,,,0,99,,24763,910,,,0,101,,24766,910,,,0,102,,24767,910,,,0,101,,24760,910,,,0,99,,24761,910,,,0,99,,24762,910,,,0,100,,24758,910,,,0,130,,24768,910,,,0,70,,24764,910,,,0
25001,'Fête-2-01',622,,24769,560,0,31 32,0,24,,24770,560,0,31 32,0,73,,24771,560,,,0,21,,24772,910,,,0,66,,24773,910,,,0,39,,24774,910,,,0,79,,24775,910,,,0,23,,24776,910,,,0,73,,24777,910,,,0,100,,24778,910,,,0,103,,24779,910,,,0,100,,24780,910,,,0,101,,24781,910,,,0,101,,24782,910,,,0,112,,24783,910,,,0,82,,24784,910,,,0,36,,24785,910,,,0,62,,24787,910,,,0,27,,24786,910,,,0,66,,24788,910,,,0,31,,24789,910,,,0,79,,24790,910,,,0,30,,24791,910,,,0,106,,24792,910,,,0,75,,24793,910,,,0
25001,'Semaine-01',622,,24796,560,,,0,24,,24797,560,,,0,73,,24798,560,,,0,21,,24799,910,,,0,66,,24800,910,,,0,39,,24801,910,,,0,79,,24802,910,,,0,23,,24803,910,,,0,73,,24804,910,,,0,100,,24805,910,,,0,103,,24806,910,,,0,100,,24807,910,,,0,101,,24808,910,,,0,101,,24809,910,,,0,112,,24810,910,,,0,82,,24811,910,,,0,36,,24812,910,,,0,62,,24814,910,,,0,27,,24813,910,,,0,66,,24815,910,,,0,31,,24816,910,,,0,79,,24817,910,,,0,30,,24818,910,,,0,106,,24819,910,,,0,75,,24820,910,,,0
25001,'Week-end-01',753,,19212,560,0,31 32,0,100,,19196,560,0,31 32,0,69,,19110,910,,,0,100,,19108,910,,,0,101,,19112,910,,,0,99,,19113,910,,,0,100,,19109,910,,,0,99,,19121,910,,,0,101,,19124,910,,,0,102,,19127,910,,,0,101,,19117,910,,,0,99,,19119,910,,,0,99,,19120,910,,,0,100,,19115,910,,,0,130,,19128,910,,,0,70,,19122,910,,,0
25101,'Fête-1-01',754,,24823,310,0,31 32,0,93,,24838,650,,,0,100,,24836,650,,,0,100,,24839,650,,,0,100,,24835,650,,,0,100,,24834,650,,,0,100,,24837,650,,,0,100,,24830,650,,,0,100,,24833,650,,,0,100,,24829,650,,,0,100,,24831,650,,,0,100,,24827,650,,,0,99,,24832,650,,,0,100,,24824,650,,,0,100,,24825,650,,,0,100,,24826,650,,,0
25101,'Fête-2-01',944,,24841,650,,,0,100,,24840,650,,,0,100,,24848,650,,,0,100,,24845,650,,,0,100,,24847,650,,,0,100,,24843,650,,,0,615,,24846,650,,,0,97,,24844,650,,,0,98,,24842,650,,,0
25101,'Semaine-01',944,,24850,650,,,0,100,,24849,650,,,0,100,,24857,650,,,0,100,,24854,650,,,0,100,,24856,650,,,0,100,,24852,650,,,0,615,,24855,650,,,0,97,,24853,650,,,0,98,,24851,650,,,0
25101,'Week-end-01',754,,19252,310,0,31 32,0,93,,19267,650,,,0,100,,19265,650,,,0,100,,19268,650,,,0,100,,19264,650,,,0,100,,19263,650,,,0,100,,19266,650,,,0,100,,19259,650,,,0,100,,19262,650,,,0,100,,19258,650,,,0,100,,19260,650,,,0,100,,19256,650,,,0,99,,19261,650,,,0,100,,19253,650,,,0,100,,19254,650,,,0,100,,19255,650,,,0
25201,'Fête-2-01',625,,24866,280,,,0,78,,24858,280,,,0,36,,24872,280,,,0,76,,24870,280,,,0,33,,24867,280,,,0,679,,24868,280,,,0,79,,24864,280,,,0,30,,24861,280,,,0,71,,24863,280,,,0,31,,24869,280,,,0,69,,24859,280,,,0,29,,24871,280,,,0,70,,24865,280,,,0,29,,24862,280,,,0,71,,24860,280,,,0
25201,'Semaine-01',625,,24881,280,,,0,78,,24873,280,,,0,36,,24887,280,,,0,76,,24885,280,,,0,33,,24882,280,,,0,679,,24883,280,,,0,79,,24879,280,,,0,30,,24876,280,,,0,71,,24878,280,,,0,31,,24884,280,,,0,69,,24874,280,,,0,29,,24886,280,,,0,71,,24880,280,,,0,28,,24877,280,,,0,71,,24875,280,,,0
40501,'Semaine-01',1605,,25707,20,,,0,130,,25708,20,,,0
60001,'Fête-1-01',801,,25805,20,,,0,100,,25804,20,,,0,100,,25802,20,,,0,100,,25803,20,,,0,100,,25800,20,,,0,100,,25801,20,,,0,100,,25797,20,,,0,100,,25798,20,,,0,100,,25799,20,,,0,100,,25796,20,,,0,100,,25793,20,,,0,100,,25794,20,,,0,100,,25795,20,,,0,100,,25791,20,,,0,49,,25792,20,,,0,179,,25790,20,,,0
60001,'Fête-2-01',724,,25806,20,,,0,30,,25807,20,,,0,100,,25808,20,,,0,102,,25809,20,,,0,100,,25810,20,,,0,170,,25811,20,,,0,100,,25812,20,,,0,30,,25813,20,,,0,100,,25814,20,,,0,95,,25815,20,,,0,100,,25816,20,,,0,70,,25817,20,,,0,30,,25818,20,,,0,101,,25819,20,,,0,101,,25820,20,,,0,100,,25821,20,,,0,100,,25822,20,,,0,100,,25823,20,,,0,100,,25824,20,,,0
60001,'Semaine-01',657,,25829,20,,,0,67,,25830,20,,,0,30,,25831,20,,,0,100,,25832,20,,,0,102,,25833,20,,,0,100,,25834,20,,,0,100,,25835,20,,,0,70,,25836,20,,,0,100,,25837,20,,,0,30,,25838,20,,,0,70,,25839,20,,,0,30,,25840,20,,,0,65,,25841,20,,,0,30,,25842,20,,,0,70,,25843,20,,,0,30,,25844,20,,,0,70,,25845,20,,,0,30,,25846,20,,,0,71,,25847,20,,,0,30,,25848,20,,,0,101,,25849,20,,,0,100,,25850,20,,,0,100,,25851,20,,,0,100,,25852,20,,,0,100,,25853,20,,,0
60001,'Week-end-01',801,,20466,20,,,0,100,,20465,20,,,0,100,,20463,20,,,0,100,,20464,20,,,0,100,,20461,20,,,0,100,,20462,20,,,0,100,,20458,20,,,0,100,,20459,20,,,0,100,,20460,20,,,0,100,,20457,20,,,0,100,,20454,20,,,0,100,,20455,20,,,0,100,,20456,20,,,0,100,,20452,20,,,0,49,,20453,20,,,0,179,,20451,20,,,0
60501,'Semaine-01',1600,,25888,20,,,0,212,,25889,20,,,0
61000,'Fête-2-01',656,,25907,20,,,0,101,,25908,20,,,0,99,,25909,20,,,0,100,,25910,20,,,0,100,,25911,20,,,0,100,,25912,20,,,0,100,,25913,20,,,0,100,,25914,20,,,0,100,,25915,20,,,0,93,,25916,20,,,0,99,,25917,20,,,0,111,,25918,20,,,0,142,,25919,20,,,0,100,,25920,20,,,0,100,,25921,20,,,0,100,,25922,20,,,0
61000,'Semaine-01',656,,25925,20,,,0,69,,25926,20,,,0,32,,25927,20,,,0,74,,25928,20,,,0,25,,25929,20,,,0,100,,25930,20,,,0,100,,25931,20,,,0,100,,25932,20,,,0,100,,25933,20,,,0,100,,25934,20,,,0,100,,25935,20,,,0,93,,25936,20,,,0,64,,25937,20,,,0,35,,25938,20,,,0,71,,25939,20,,,0,40,,25940,20,,,0,71,,25941,20,,,0,71,,25942,20,,,0,100,,25943,20,,,0,100,,25944,20,,,0,100,,25945,20,,,0
70901,'Fête-1-01',625,,26382,490,,,0,30,,26383,490,,,0,70,,26384,490,,,0,30,,26385,490,,,0,70,,26386,490,,,0,15,,26387,490,,,0,71,,26388,490,,,0,30,,26389,490,,,0,70,,26390,490,,,0,31,,26391,490,,,0,71,,26392,490,,,0,30,,26393,490,,,0,70,,26394,490,,,0,30,,26395,490,,,0,70,,26396,490,,,0,30,,26397,490,,,0,70,,26398,490,,,0,30,,26399,490,,,0,70,,26400,490,,,0,30,,26401,490,,,0,70,,26402,490,,,0,30,,26403,490,,,0,70,,26404,490,,,0,30,,26405,490,,,0,70,,26406,490,,,0,30,,26407,490,,,0,70,,26408,490,,,0,30,,26409,490,,,0,70,,26410,490,,,0,30,,26411,490,,,0,70,,26412,490,,,0,30,,26413,490,,,0,70,,26414,490,,,0,31,,26415,490,,,0,70,,26416,490,,,0,30,,26417,490,,,0,111,,26418,490,,,0
70901,'Fête-2-01',456,,26422,490,,,0,70,,26464,490,,,0,20,,26420,490,,,0,10,,26419,490,,,0,63,,26421,490,,,0,20,,26423,490,,,0,20,,26424,490,,,0,67,,26425,490,,,0,12,,26426,490,,,0,21,,26427,490,,,0,50,,26428,490,,,0,10,,26429,490,,,0,20,,26430,490,,,0,10,,26431,490,,,0,54,,26432,490,,,0,13,,26434,490,,,0,15,,26470,490,,,0,15,,26433,490,,,0,70,,26435,490,,,0,15,,26436,490,,,0,22,,26437,520,,,0,70,,26438,520,,,0,15,,26439,520,,,0,15,,26440,520,,,0,55,,26441,520,,,0,15,,26473,520,,,0,15,,26442,520,,,0,15,,26474,520,,,0,70,,26443,520,,,0,15,,26444,520,,,0,15,,26445,520,,,0,70,,26465,520,,,0,30,,26466,520,,,0,70,,26467,520,,,0,16,,26468,520,,,0,16,,26469,520,,,0,89,,26447,520,,,0,15,,26446,520,,,0,68,,26448,520,,,0,15,,26449,520,,,0,63,,26450,520,,,0,14,,26471,520,,,0,13,,26472,520,,,0,14,,26451,520,,,0,59,,26452,520,,,0,14,,26453,520,,,0,15,,26454,520,,,0,22,,26455,490,,,0,70,,26456,490,,,0,15,,26457,490,,,0,68,,26458,490,,,0,30,,26459,490,,,0,69,,26460,490,,,0,44,,26461,490,,,0,99,,26462,490,,,0,108,,26463,490,,,0
70901,'Semaine-01',456,,26485,490,,,0,70,,26534,490,,,0,20,,26482,490,,,0,10,,26475,490,,,0,52,,26483,490,,,0,11,,26484,490,,,0,10,,26486,490,,,0,10,,26487,490,,,0,10,,26488,490,,,0,10,,26489,490,,,0,57,,26490,490,,,0,10,,26491,490,,,0,12,,26492,490,,,0,11,,26493,490,,,0,10,,26494,490,,,0,50,,26495,490,,,0,10,,26496,490,,,0,10,,26497,490,,,0,10,,26498,490,,,0,10,,26499,490,,,0,54,,26500,490,,,0,13,,26502,490,,,0,15,,26541,490,,,0,15,,26501,490,,,0,70,,26503,490,,,0,15,,26504,490,,,0,22,,26505,520,,,0,55,,26481,360,,,0,15,,26506,520,,,0,15,,26507,520,,,0,15,,26508,520,,,0,55,,26509,520,,,0,15,,26544,520,,,0,15,,26510,520,,,0,15,,26545,520,,,0,55,,26476,360,,,0,15,,26511,520,,,0,15,,26512,520,,,0,15,,26513,520,,,0,55,,26477,360,,,0,15,,26536,520,,,0,15,,26478,360,,,0,15,,26537,520,,,0,55,,26479,360,,,0,15,,26538,520,,,0,16,,26539,520,,,0,16,,26540,520,,,0,57,,26480,360,,,0,17,,26535,520,,,0,15,,26515,520,,,0,15,,26514,520,,,0,55,,26516,520,,,0,13,,26517,520,,,0,15,,26518,520,,,0,9,,26519,520,,,0,54,,26520,520,,,0,14,,26542,520,,,0,13,,26543,520,,,0,14,,26521,520,,,0,59,,26522,520,,,0,14,,26523,520,,,0,15,,26524,520,,,0,22,,26525,490,,,0,70,,26526,490,,,0,15,,26527,490,,,0,68,,26528,490,,,0,30,,26529,490,,,0,69,,26530,490,,,0,44,,26531,490,,,0,99,,26532,490,,,0,108,,26533,490,,,0
70901,'Week-end-01',625,,21198,490,,,0,30,,21199,490,,,0,70,,21200,490,,,0,30,,21201,490,,,0,70,,21202,490,,,0,15,,21203,490,,,0,71,,21204,490,,,0,30,,21205,490,,,0,70,,21206,490,,,0,31,,21207,490,,,0,71,,21208,490,,,0,30,,21209,490,,,0,70,,21210,490,,,0,30,,21211,490,,,0,70,,21212,490,,,0,30,,21213,490,,,0,70,,21214,490,,,0,30,,21215,490,,,0,70,,21216,490,,,0,30,,21217,490,,,0,70,,21218,490,,,0,30,,21219,490,,,0,70,,21220,490,,,0,30,,21221,490,,,0,70,,21222,490,,,0,30,,21223,490,,,0,70,,21224,490,,,0,30,,21225,490,,,0,70,,21226,490,,,0,30,,21227,490,,,0,70,,21228,490,,,0,30,,21229,490,,,0,70,,21230,490,,,0,31,,21231,490,,,0,70,,21232,490,,,0,30,,21233,490,,,0,111,,21234,490,,,0
