25001,'Fête-1-01',721,,24752,220,0,31 32,0,99,,24751,220,0,31 32,0,29,,24755,570,,,0,100,,24753,570,,,0,100,,24756,570,,,0,100,,24757,570,,,0,100,,24754,570,,,0,99,,24763,570,,,0,101,,24766,570,,,0,101,,24767,570,,,0,101,,24760,570,,,0,100,,24761,570,,,0,99,,24762,570,,,0,100,,24758,570,,,0,171,,24768,570,,,0,31,,24764,570,,,0
25001,'Fête-2-01',546,,24769,220,0,31 32,0,64,,24770,220,0,31 32,0,29,,24771,220,,,0,20,,24772,570,,,0,67,,24773,570,,,0,76,,24774,570,,,0,41,,24775,570,,,0,65,,24776,570,,,0,38,,24777,570,,,0,100,,24778,570,,,0,103,,24779,570,,,0,100,,24780,570,,,0,101,,24781,570,,,0,101,,24782,570,,,0,152,,24783,570,,,0,40,,24784,570,,,0,75,,24785,570,,,0,22,,24787,570,,,0,67,,24786,570,,,0,26,,24788,570,,,0,73,,24789,570,,,0,39,,24790,570,,,0,70,,24791,570,,,0,105,,24792,570,,,0,35,,24793,570,,,0
25001,'Semaine-01',546,,24796,220,0,31 32,0,64,,24797,220,0,31 32,0,29,,24798,220,,,0,20,,24799,570,,,0,67,,24800,570,,,0,76,,24801,570,,,0,41,,24802,570,,,0,65,,24803,570,,,0,38,,24804,570,,,0,100,,24805,570,,,0,103,,24806,570,,,0,100,,24807,570,,,0,101,,24808,570,,,0,101,,24809,570,,,0,152,,24810,570,,,0,40,,24811,570,,,0,75,,24812,570,,,0,22,,24814,570,,,0,67,,24813,570,,,0,26,,24815,570,,,0,73,,24816,570,,,0,39,,24817,570,,,0,70,,24818,570,,,0,105,,24819,570,,,0,35,,24820,570,,,0
25001,'Week-end-01',721,,19212,220,0,31 32,0,99,,19196,220,0,31 32,0,29,,19110,570,,,0,100,,19108,570,,,0,100,,19112,570,,,0,100,,19113,570,,,0,100,,19109,570,,,0,99,,19121,570,,,0,101,,19124,570,,,0,101,,19127,570,,,0,101,,19117,570,,,0,100,,19119,570,,,0,99,,19120,570,,,0,100,,19115,570,,,0,171,,19128,570,,,0,31,,19122,570,,,0
31700,'Fête-2-01',655,,25679,190,,,0,70,,25680,190,,,0,110,,25681,190,,,0,290,,25682,190,,,0,300,,25683,190,,,0
31700,'Semaine-01',655,,25684,190,,,0,70,,25685,190,,,0,110,,25686,190,,,0,290,,25687,190,,,0,300,,25688,190,,,0
31701,'Fête-2-01',1235,,25691,200,,,0,270,,25696,200,,,0,100,,25692,200,,,0,130,,25693,200,,,0,100,,25694,200,,,0,475,,25695,200,,,0
31701,'Semaine-01',1235,,25697,200,,,0,270,,25702,200,,,0,100,,25698,200,,,0,130,,25699,200,,,0,100,,25700,200,,,0,475,,25701,200,,,0
51401,'Fête-2-01',534,,25719,230,,,0,95,,25720,230,,,0,74,,25721,230,,,0
51401,'Semaine-01',534,,25722,230,,,0,95,,25723,230,,,0,74,,25724,230,,,0
