23000,'Fête-1-01',844,,23656,130,,,0,100,,23657,130,,,0,101,,23661,130,,,0,100,,23662,130,,,0,102,,23663,130,,,0,101,,23664,130,,,0,101,,23665,130,,,0,99,,23667,130,,,0,98,,23655,130,,,0,98,,23654,130,,,0,100,,23666,130,,,0,100,,23660,130,,,0,100,,23659,130,,,0,100,,23658,130,,,0,100,,23668,130,,,0
23000,'Fête-2-01',614,,23673,130,,,0,31,,23674,130,,,0,69,,23675,130,,,0,32,,23676,130,,,0,71,,23677,130,,,0,31,,23678,130,,,0,102,,23679,130,,,0,103,,23684,130,,,0,104,,23685,130,,,0,147,,23686,130,,,0,116,,23687,130,,,0,115,,23688,130,,,0,82,,23671,130,,,0,34,,23670,130,,,0,79,,23669,130,0,8 27 75,0,27,,23672,130,,,0,74,,23689,130,,,0,69,,23683,130,,,0,59,,23682,130,,,0,100,,23681,130,,,0,100,,23680,130,,,0
23000,'Semaine-01',614,,23694,130,,,0,31,,23695,130,,,0,69,,23696,130,,,0,32,,23697,130,,,0,71,,23698,130,,,0,31,,23699,130,,,0,102,,23700,130,,,0,103,,23705,130,,,0,104,,23706,130,,,0,147,,23707,130,,,0,116,,23708,130,,,0,115,,23709,130,,,0,82,,23692,130,,,0,34,,23691,130,,,0,79,,23690,130,0,8 27 75,0,27,,23693,130,,,0,74,,23710,130,,,0,69,,23704,130,,,0,59,,23703,130,,,0,100,,23702,130,,,0,100,,23701,130,,,0
23000,'Week-end-01',844,,17798,130,,,0,100,,17799,130,,,0,101,,17803,130,,,0,100,,17804,130,,,0,102,,17805,130,,,0,101,,17806,130,,,0,101,,17807,130,,,0,99,,17809,130,,,0,98,,17797,130,,,0,98,,17796,130,,,0,100,,17808,130,,,0,100,,17802,130,,,0,100,,17801,130,,,0,100,,17800,130,,,0,100,,17810,130,,,0
23600,'Fête-1-01',900,,24089,370,,,0,100,,24080,370,,,0,100,,24090,370,,,0,101,,24078,370,,,0,100,,24086,370,,,0,100,,24082,370,,,0,100,,24088,370,,,0,100,,24079,370,,,0,100,,24092,370,,,0,100,,24081,370,,,0,100,,24087,370,,,0,100,,24083,370,,,0,100,,24085,370,,,0,100,,24084,370,,,0
23600,'Fête-2-01',626,,24093,370,,,0,110,,24094,370,,,0,81,,24111,370,,,0,39,,24095,370,,,0,76,,24096,370,,,0,95,,24097,370,,,0,99,,24098,370,,,0,101,,24099,370,,,0,100,,24100,370,,,0,100,,24101,370,,,0,100,,24102,370,,,0,100,,24103,370,,,0,85,,24104,370,,,0,39,,24105,370,,,0,83,,24106,370,,,0,124,,24107,370,,,0,143,,24108,370,,,0,100,,24109,370,,,0
23600,'Semaine-01',626,,24112,370,,,0,110,,24113,370,,,0,81,,24130,370,,,0,39,,24114,370,,,0,76,,24115,370,,,0,95,,24116,370,,,0,99,,24117,370,,,0,101,,24118,370,,,0,100,,24119,370,,,0,100,,24120,370,,,0,100,,24121,370,,,0,100,,24122,370,,,0,85,,24123,370,,,0,39,,24124,370,,,0,83,,24125,370,,,0,124,,24126,370,,,0,143,,24127,370,,,0,100,,24128,370,,,0
23600,'Week-end-01',900,,18333,370,,,0,100,,18324,370,,,0,100,,18334,370,,,0,101,,18322,370,,,0,100,,18330,370,,,0,100,,18326,370,,,0,100,,18332,370,,,0,100,,18323,370,,,0,100,,18336,370,,,0,100,,18325,370,,,0,100,,18331,370,,,0,100,,18327,370,,,0,100,,18329,370,,,0,100,,18328,370,,,0
70900,'Fête-1-01',709,,26228,580,,,0,25,,26229,580,,,0,15,,26230,580,,,0,71,,26231,580,,,0,30,,26232,580,,,0,71,,26233,580,,,0,30,,26234,580,,,0,72,,26235,580,,,0,30,,26236,580,,,0,70,,26237,580,,,0,30,,26238,580,,,0,70,,26239,580,,,0,30,,26240,580,,,0,70,,26241,580,,,0,30,,26242,580,,,0,70,,26243,580,,,0,30,,26244,580,,,0,70,,26245,580,,,0,30,,26246,580,,,0,70,,26247,580,,,0,30,,26248,580,,,0,70,,26249,580,,,0,30,,26250,580,,,0,70,,26251,580,,,0,27,,26252,580,,,0,70,,26253,580,,,0,30,,26254,580,,,0,70,,26255,580,,,0,30,,26256,580,,,0,69,,26257,580,,,0,30,,26258,580,,,0,70,,26259,580,,,0,30,,26260,580,,,0,60,,26261,580,,,0,29,,26262,580,,,0,70,,26263,580,,,0,30,,26264,580,,,0,70,,26265,580,,,0,109,,26266,580,,,0
70900,'Fête-2-01',629,,26268,580,0,11 12 13,0,79,,26269,580,0,11 12 13,0,20,,26270,580,0,11 12 13,0,7,,26271,580,0,11 12 13,0,78,,26272,580,0,11 12 13,0,19,,26273,580,0,11 12 13,0,25,,26274,580,0,11 12 13,0,68,,26275,580,0,11 12 13,0,34,,26276,580,0,11 12 13,0,65,,26314,580,0,11 12 13,0,28,,26277,580,0,11 12 13,0,55,,26278,580,0,11 12 13,0,29,,26279,580,0,11 12 13,0,15,,26280,580,0,11 12 13,0,55,,26281,580,0,11 12 13,0,23,,26282,580,0,11 12 13,0,71,,26283,580,0,11 12 13,0,15,,26310,580,0,11 12 13,0,15,,26313,580,0,11 12 13,0,15,,26312,580,0,11 12 13,0,70,,26311,580,0,11 12 13,0,85,,26309,580,0,11 12 13,0,15,,26284,580,0,11 12 13,0,24,,26285,580,0,11 12 13,0,86,,26286,580,,,0,30,,26287,580,,,0,60,,26307,580,,,0,16,,26308,580,,,0,8,,26301,580,,,0,15,,26306,580,,,0,51,,26302,580,,,0,12,,26303,580,,,0,9,,26304,580,,,0,10,,26305,580,,,0,12,,26300,580,,,0,65,,26288,580,,,0,13,,26289,580,,,0,11,,26290,580,,,0,11,,26291,580,,,0,67,,26299,580,,,0,19,,26292,580,,,0,69,,26293,580,,,0,22,,26316,580,,,0,30,,26294,580,,,0,54,,26295,580,,,0,97,,26296,580,,,0,29,,26297,580,,,0,82,,26315,580,,,0,99,,26298,580,,,0,108,,26267,580,,,0
70900,'Semaine-01',629,,26322,580,0,11 12 13,0,12,,26380,580,0,11 12 13,0,67,,26323,580,0,11 12 13,0,10,,26324,580,0,11 12 13,0,10,,26325,580,0,11 12 13,0,7,,26326,580,0,11 12 13,0,19,,26327,580,0,11 12 13,0,59,,26328,580,0,11 12 13,0,10,,26329,580,0,11 12 13,0,9,,26330,580,0,11 12 13,0,13,,26331,580,0,11 12 13,0,12,,26332,580,0,11 12 13,0,57,,26333,580,0,11 12 13,0,11,,26334,580,0,11 12 13,0,19,,26378,580,0,11 12 13,0,15,,26335,580,0,11 12 13,0,65,,26377,580,0,11 12 13,0,15,,26336,580,0,11 12 13,0,13,,26337,580,0,11 12 13,0,55,,26338,580,0,11 12 13,0,29,,26339,580,0,11 12 13,0,15,,26340,580,0,11 12 13,0,55,,26341,580,0,11 12 13,0,23,,26342,580,0,11 12 13,0,71,,26343,580,0,11 12 13,0,15,,26373,580,0,11 12 13,0,15,,26376,580,0,11 12 13,0,15,,26375,580,0,11 12 13,0,70,,26374,580,0,11 12 13,0,85,,26372,580,0,11 12 13,0,15,,26344,580,0,11 12 13,0,24,,26345,580,0,11 12 13,0,86,,26346,580,,,0,14,,26347,580,,,0,16,,26348,580,,,0,60,,26370,580,,,0,16,,26371,580,,,0,8,,26364,580,,,0,15,,26369,580,,,0,51,,26365,580,,,0,12,,26366,580,,,0,9,,26367,580,,,0,10,,26368,580,,,0,12,,26363,580,,,0,53,,26349,580,,,0,12,,26350,580,,,0,13,,26351,580,,,0,11,,26352,580,,,0,11,,26353,580,,,0,67,,26362,580,,,0,19,,26354,580,,,0,69,,26355,580,,,0,22,,26381,580,,,0,30,,26356,580,,,0,54,,26357,580,,,0,27,,26358,580,,,0,70,,26359,580,,,0,29,,26360,580,,,0,82,,26379,580,,,0,99,,26361,580,,,0,108,,26321,580,,,0
70900,'Week-end-01',709,,21010,580,,,0,25,,21011,580,,,0,15,,21012,580,,,0,71,,21013,580,,,0,30,,21014,580,,,0,71,,21015,580,,,0,30,,21016,580,,,0,72,,21017,580,,,0,30,,21018,580,,,0,70,,21019,580,,,0,30,,21020,580,,,0,70,,21021,580,,,0,30,,21022,580,,,0,70,,21023,580,,,0,30,,21024,580,,,0,70,,21025,580,,,0,30,,21026,580,,,0,70,,21027,580,,,0,30,,21028,580,,,0,70,,21029,580,,,0,30,,21030,580,,,0,70,,21031,580,,,0,30,,21032,580,,,0,70,,21033,580,,,0,27,,21034,580,,,0,70,,21035,580,,,0,30,,21036,580,,,0,70,,21037,580,,,0,30,,21038,580,,,0,69,,21039,580,,,0,30,,21040,580,,,0,70,,21041,580,,,0,30,,21042,580,,,0,60,,21043,580,,,0,29,,21044,580,,,0,70,,21045,580,,,0,30,,21046,580,,,0,70,,21047,580,,,0,109,,21048,580,,,0
