24601,'Fête-2-01',600,,24531,460,,,0,47,,24530,460,,,0,90,,24529,460,,,0,93,,24528,460,,,0,89,,24527,460,,,0,698,,24526,460,,,0,92,,24525,460,,,0,91,,24524,460,,,0,53,,24523,460,,,0,86,,24522,460,,,0
24601,'Semaine-01',600,,24541,460,,,0,47,,24540,460,,,0,89,,24539,460,,,0,93,,24538,460,,,0,89,,24537,460,,,0,699,,24536,460,,,0,92,,24535,460,,,0,93,,24534,460,,,0,52,,24533,460,,,0,87,,24532,460,,,0
25001,'Fête-1-01',752,,24752,540,0,31 32,0,100,,24751,540,0,31 32,0,69,,24755,890,,,0,100,,24753,890,,,0,101,,24756,890,,,0,99,,24757,890,,,0,100,,24754,890,,,0,99,,24763,890,,,0,101,,24766,890,,,0,102,,24767,890,,,0,101,,24760,890,,,0,99,,24761,890,,,0,99,,24762,890,,,0,100,,24758,890,,,0,130,,24768,890,,,0,70,,24764,890,,,0
25001,'Fête-2-01',621,,24769,540,0,31 32,0,24,,24770,540,0,31 32,0,73,,24771,540,,,0,21,,24772,890,,,0,66,,24773,890,,,0,39,,24774,890,,,0,79,,24775,890,,,0,23,,24776,890,,,0,73,,24777,890,,,0,100,,24778,890,,,0,103,,24779,890,,,0,100,,24780,890,,,0,101,,24781,890,,,0,101,,24782,890,,,0,112,,24783,890,,,0,82,,24784,890,,,0,36,,24785,890,,,0,62,,24787,890,,,0,27,,24786,890,,,0,66,,24788,890,,,0,31,,24789,890,,,0,79,,24790,890,,,0,30,,24791,890,,,0,106,,24792,890,,,0,75,,24793,890,,,0
25001,'Semaine-01',621,,24796,540,0,31 32,0,24,,24797,540,0,31 32,0,73,,24798,540,,,0,21,,24799,890,,,0,66,,24800,890,,,0,39,,24801,890,,,0,79,,24802,890,,,0,23,,24803,890,,,0,73,,24804,890,,,0,100,,24805,890,,,0,103,,24806,890,,,0,100,,24807,890,,,0,101,,24808,890,,,0,101,,24809,890,,,0,112,,24810,890,,,0,82,,24811,890,,,0,36,,24812,890,,,0,62,,24814,890,,,0,27,,24813,890,,,0,66,,24815,890,,,0,31,,24816,890,,,0,79,,24817,890,,,0,30,,24818,890,,,0,106,,24819,890,,,0,75,,24820,890,,,0
25001,'Week-end-01',752,,19212,540,0,31 32,0,100,,19196,540,0,31 32,0,69,,19110,890,,,0,100,,19108,890,,,0,101,,19112,890,,,0,99,,19113,890,,,0,100,,19109,890,,,0,99,,19121,890,,,0,101,,19124,890,,,0,102,,19127,890,,,0,101,,19117,890,,,0,99,,19119,890,,,0,99,,19120,890,,,0,100,,19115,890,,,0,130,,19128,890,,,0,70,,19122,890,,,0
70901,'Fête-1-01',624,,26382,470,,,0,30,,26383,470,,,0,70,,26384,470,,,0,30,,26385,470,,,0,70,,26386,470,,,0,15,,26387,470,,,0,71,,26388,470,,,0,30,,26389,470,,,0,70,,26390,470,,,0,31,,26391,470,,,0,71,,26392,470,,,0,30,,26393,470,,,0,70,,26394,470,,,0,30,,26395,470,,,0,70,,26396,470,,,0,30,,26397,470,,,0,70,,26398,470,,,0,30,,26399,470,,,0,70,,26400,470,,,0,30,,26401,470,,,0,70,,26402,470,,,0,30,,26403,470,,,0,70,,26404,470,,,0,30,,26405,470,,,0,70,,26406,470,,,0,30,,26407,470,,,0,70,,26408,470,,,0,30,,26409,470,,,0,70,,26410,470,,,0,30,,26411,470,,,0,70,,26412,470,,,0,30,,26413,470,,,0,70,,26414,470,,,0,31,,26415,470,,,0,70,,26416,470,,,0,30,,26417,470,,,0,111,,26418,470,,,0
70901,'Fête-2-01',455,,26422,470,,,0,70,,26464,470,,,0,20,,26420,470,,,0,10,,26419,470,,,0,63,,26421,470,,,0,20,,26423,470,,,0,20,,26424,470,,,0,67,,26425,470,,,0,12,,26426,470,,,0,21,,26427,470,,,0,50,,26428,470,,,0,10,,26429,470,,,0,20,,26430,470,,,0,10,,26431,470,,,0,54,,26432,470,,,0,13,,26434,470,,,0,15,,26470,470,,,0,15,,26433,470,,,0,70,,26435,470,,,0,15,,26436,470,,,0,22,,26437,500,,,0,70,,26438,500,,,0,15,,26439,500,,,0,15,,26440,500,,,0,55,,26441,500,,,0,15,,26473,500,,,0,15,,26442,500,,,0,15,,26474,500,,,0,70,,26443,500,,,0,15,,26444,500,,,0,15,,26445,500,,,0,70,,26465,500,,,0,30,,26466,500,,,0,70,,26467,500,,,0,16,,26468,500,,,0,16,,26469,500,,,0,89,,26447,500,,,0,15,,26446,500,,,0,68,,26448,500,,,0,15,,26449,500,,,0,63,,26450,500,,,0,14,,26471,500,,,0,13,,26472,500,,,0,14,,26451,500,,,0,59,,26452,500,,,0,14,,26453,500,,,0,15,,26454,500,,,0,22,,26455,470,,,0,70,,26456,470,,,0,15,,26457,470,,,0,68,,26458,470,,,0,30,,26459,470,,,0,69,,26460,470,,,0,44,,26461,470,,,0,99,,26462,470,,,0,108,,26463,470,,,0
70901,'Semaine-01',455,,26485,470,,,0,70,,26534,470,,,0,20,,26482,470,,,0,10,,26475,470,,,0,52,,26483,470,,,0,11,,26484,470,,,0,10,,26486,470,,,0,10,,26487,470,,,0,10,,26488,470,,,0,10,,26489,470,,,0,57,,26490,470,,,0,10,,26491,470,,,0,12,,26492,470,,,0,11,,26493,470,,,0,10,,26494,470,,,0,50,,26495,470,,,0,10,,26496,470,,,0,10,,26497,470,,,0,10,,26498,470,,,0,10,,26499,470,,,0,54,,26500,470,,,0,13,,26502,470,,,0,15,,26541,470,,,0,15,,26501,470,,,0,70,,26503,470,,,0,15,,26504,470,,,0,22,,26505,500,,,0,55,,26481,340,,,0,15,,26506,500,,,0,15,,26507,500,,,0,15,,26508,500,,,0,55,,26509,500,,,0,15,,26544,500,,,0,15,,26510,500,,,0,15,,26545,500,,,0,55,,26476,340,,,0,15,,26511,500,,,0,15,,26512,500,,,0,15,,26513,500,,,0,55,,26477,340,,,0,15,,26536,500,,,0,15,,26478,340,,,0,15,,26537,500,,,0,55,,26479,340,,,0,15,,26538,500,,,0,16,,26539,500,,,0,16,,26540,500,,,0,57,,26480,340,,,0,17,,26535,500,,,0,15,,26515,500,,,0,15,,26514,500,,,0,55,,26516,500,,,0,13,,26517,500,,,0,15,,26518,500,,,0,9,,26519,500,,,0,54,,26520,500,,,0,14,,26542,500,,,0,13,,26543,500,,,0,14,,26521,500,,,0,59,,26522,500,,,0,14,,26523,500,,,0,15,,26524,500,,,0,22,,26525,470,,,0,70,,26526,470,,,0,15,,26527,470,,,0,68,,26528,470,,,0,30,,26529,470,,,0,69,,26530,470,,,0,44,,26531,470,,,0,99,,26532,470,,,0,108,,26533,470,,,0
70901,'Week-end-01',624,,21198,470,,,0,30,,21199,470,,,0,70,,21200,470,,,0,30,,21201,470,,,0,70,,21202,470,,,0,15,,21203,470,,,0,71,,21204,470,,,0,30,,21205,470,,,0,70,,21206,470,,,0,31,,21207,470,,,0,71,,21208,470,,,0,30,,21209,470,,,0,70,,21210,470,,,0,30,,21211,470,,,0,70,,21212,470,,,0,30,,21213,470,,,0,70,,21214,470,,,0,30,,21215,470,,,0,70,,21216,470,,,0,30,,21217,470,,,0,70,,21218,470,,,0,30,,21219,470,,,0,70,,21220,470,,,0,30,,21221,470,,,0,70,,21222,470,,,0,30,,21223,470,,,0,70,,21224,470,,,0,30,,21225,470,,,0,70,,21226,470,,,0,30,,21227,470,,,0,70,,21228,470,,,0,30,,21229,470,,,0,70,,21230,470,,,0,31,,21231,470,,,0,70,,21232,470,,,0,30,,21233,470,,,0,111,,21234,470,,,0
