22701,'Fête-1-01',852,,23543,70,,,0,200,,23544,70,,,0,200,,23545,70,,,0,200,,23546,70,,,0,200,,23547,70,,,0,200,,23548,70,,,0,200,,23549,70,,,0
22701,'Fête-2-01',552,,23552,70,,,0,70,,23553,70,,,0,31,,23554,70,,,0,80,,23555,70,,,0,80,,23556,70,,,0,39,,23557,70,,,0,100,,23558,70,,,0,100,,23559,70,,,0,100,,23560,70,,,0,100,,23561,70,,,0,100,,23562,70,,,0,100,,23563,70,,,0,101,,23564,70,,,0,90,,23565,70,,,0,80,,23566,70,,,0,80,,23567,70,,,0,34,,23568,70,,,0,70,,23569,70,,,0,45,,23570,70,,,0,100,,23571,70,,,0,100,,23572,70,,,0,100,,23573,70,0,8 14 1 15 16 17,0
22701,'Semaine-01',552,,23576,70,,,0,70,,23577,70,,,0,31,,23578,70,,,0,80,,23579,70,,,0,80,,23580,70,,,0,39,,23581,70,,,0,100,,23582,70,,,0,100,,23583,70,,,0,100,,23584,70,,,0,100,,23585,70,,,0,100,,23586,70,,,0,100,,23587,70,,,0,101,,23588,70,,,0,90,,23589,70,,,0,80,,23590,70,,,0,80,,23591,70,,,0,34,,23592,70,,,0,70,,23593,70,,,0,45,,23594,70,,,0,100,,23595,70,,,0,100,,23596,70,,,0,100,,23597,70,0,8 14 1 15 16 17,0
22701,'Week-end-01',852,,17668,70,,,0,200,,17669,70,,,0,200,,17670,70,,,0,200,,17671,70,,,0,200,,17672,70,,,0,200,,17673,70,,,0,200,,17674,70,,,0
22800,'Fête-1-01',753,,23605,70,,,0,200,,23602,70,,,0,200,,23603,70,,,0,200,,23598,70,,,0,200,,23600,70,,,0,200,,23604,70,,,0,200,,23601,70,,,0,200,,23599,70,0,8 14 1 18 19,0
22800,'Fête-2-01',608,,23607,70,,,0,30,,23608,70,,,0,75,,23609,70,,,0,40,,23610,70,,,0,80,,23611,70,,,0,90,,23612,70,,,0,100,,23613,70,,,0,100,,23614,70,,,0,100,,23615,70,,,0,100,,23616,70,,,0,100,,23617,70,,,0,100,,23618,70,,,0,100,,23619,70,,,0,80,,23620,70,,,0,40,,23621,70,,,0,80,,23622,70,,,0,30,,23623,70,,,0,70,,23624,70,,,0,100,,23625,70,,,0,100,,23626,70,,,0,100,,23627,70,,,0,100,,23628,70,0,8 14 1 18 19,0
22800,'Semaine-01',608,,23631,70,,,0,30,,23632,70,,,0,75,,23633,70,,,0,40,,23634,70,,,0,80,,23635,70,,,0,90,,23636,70,,,0,100,,23637,70,,,0,100,,23638,70,,,0,100,,23639,70,,,0,100,,23640,70,,,0,100,,23641,70,,,0,100,,23642,70,,,0,100,,23643,70,,,0,80,,23644,70,,,0,40,,23645,70,,,0,80,,23646,70,,,0,30,,23647,70,,,0,70,,23648,70,,,0,100,,23649,70,,,0,100,,23650,70,,,0,100,,23651,70,,,0,100,,23652,70,0,8 14 1 18 19,0
22800,'Week-end-01',753,,17738,70,,,0,200,,17735,70,,,0,200,,17736,70,,,0,200,,17731,70,,,0,200,,17733,70,,,0,200,,17737,70,,,0,200,,17734,70,,,0,200,,17732,70,0,8 14 1 18 19,0
60500,'Semaine-01',643,,25886,70,,,0,205,,25887,70,,,0
70801,'Fête-1-01',628,,26134,70,,,0,99,,26150,70,,,0,74,,26135,70,,,0,100,,26136,70,,,0,51,,26137,70,,,0,100,,26138,70,,,0,100,,26139,70,,,0,100,,26140,70,,,0,100,,26141,70,,,0,100,,26142,70,,,0,100,,26143,70,,,0,100,,26144,70,,,0,100,,26145,70,,,0,100,,26146,70,,,0,101,,26147,70,,,0,100,,26148,70,,,0,100,,26149,70,,,0,80,,26132,70,,,0,118,,26133,70,,,0
70801,'Fête-2-01',439,,26151,70,,,0,69,,26152,70,,,0,45,,26153,70,,,0,70,,26154,70,,,0,30,,26155,70,,,0,70,,26156,70,,,0,30,,26157,70,,,0,70,,26158,70,,,0,30,,26159,70,,,0,100,,26160,70,,,0,100,,26161,70,,,0,100,,26162,70,,,0,100,,26163,70,,,0,100,,26164,70,,,0,100,,26165,70,,,0,100,,26166,70,,,0,70,,26167,70,,,0,30,,26168,70,,,0,75,,26169,70,,,0,30,,26170,70,,,0,70,,26171,70,,,0,25,,26172,70,,,0,100,,26173,70,,,0,100,,26174,70,,,0,100,,26175,70,,,0,100,,26176,70,,,0,96,,26177,70,,,0,100,,26183,70,,,0
70801,'Semaine-01',439,,26184,70,,,0,69,,26185,70,,,0,45,,26186,70,,,0,70,,26187,70,,,0,25,,26227,70,,,0,5,,26188,70,,,0,70,,26189,70,,,0,30,,26190,70,,,0,70,,26191,70,,,0,30,,26192,70,,,0,70,,26193,70,,,0,30,,26194,70,,,0,70,,26195,70,,,0,30,,26196,70,,,0,70,,26197,70,,,0,30,,26198,70,,,0,70,,26199,70,,,0,30,,26200,70,,,0,70,,26201,70,,,0,30,,26202,70,,,0,70,,26203,70,,,0,30,,26204,70,,,0,70,,26205,70,,,0,30,,26206,70,,,0,70,,26207,70,,,0,30,,26208,70,,,0,75,,26209,70,,,0,30,,26210,70,,,0,70,,26211,70,,,0,25,,26212,70,,,0,70,,26213,70,,,0,30,,26214,70,,,0,70,,26215,70,,,0,30,,26216,70,,,0,100,,26217,70,,,0,100,,26218,70,,,0,96,,26219,70,,,0,100,,26226,70,,,0
70801,'Week-end-01',628,,20854,70,,,0,99,,20870,70,,,0,74,,20855,70,,,0,100,,20856,70,,,0,51,,20857,70,,,0,100,,20858,70,,,0,100,,20859,70,,,0,100,,20860,70,,,0,100,,20861,70,,,0,100,,20862,70,,,0,100,,20863,70,,,0,100,,20864,70,,,0,100,,20865,70,,,0,100,,20866,70,,,0,101,,20867,70,,,0,100,,20868,70,,,0,100,,20869,70,,,0,80,,20852,70,,,0,118,,20853,70,,,0
