25001,'Fête-1-01',724,,24752,290,0,31 32,0,99,,24751,290,0,31 32,0,29,,24755,640,,,0,100,,24753,640,,,0,100,,24756,640,,,0,100,,24757,640,,,0,100,,24754,640,,,0,99,,24763,640,,,0,101,,24766,640,,,0,101,,24767,640,,,0,101,,24760,640,,,0,100,,24761,640,,,0,99,,24762,640,,,0,100,,24758,640,,,0,171,,24768,640,,,0,31,,24764,640,,,0
25001,'Fête-2-01',549,,24769,290,0,31 32,0,64,,24770,290,0,31 32,0,29,,24771,290,,,0,61,,24772,640,,,0,26,,24773,640,,,0,78,,24774,640,,,0,40,,24775,640,,,0,65,,24776,640,,,0,37,,24777,640,,,0,100,,24778,640,,,0,103,,24779,640,,,0,100,,24780,640,,,0,101,,24781,640,,,0,101,,24782,640,,,0,152,,24783,640,,,0,40,,24784,640,,,0,75,,24785,640,,,0,22,,24787,640,,,0,67,,24786,640,,,0,26,,24788,640,,,0,73,,24789,640,,,0,39,,24790,640,,,0,70,,24791,640,,,0,105,,24792,640,,,0,35,,24793,640,,,0
25001,'Semaine-01',549,,24796,290,,,0,64,,24797,290,,,0,29,,24798,290,,,0,61,,24799,640,,,0,26,,24800,640,,,0,78,,24801,640,,,0,40,,24802,640,,,0,65,,24803,640,,,0,37,,24804,640,,,0,100,,24805,640,,,0,103,,24806,640,,,0,100,,24807,640,,,0,101,,24808,640,,,0,101,,24809,640,,,0,152,,24810,640,,,0,40,,24811,640,,,0,75,,24812,640,,,0,22,,24814,640,,,0,67,,24813,640,,,0,26,,24815,640,,,0,73,,24816,640,,,0,39,,24817,640,,,0,70,,24818,640,,,0,105,,24819,640,,,0,35,,24820,640,,,0
25001,'Week-end-01',724,,19212,290,0,31 32,0,99,,19196,290,0,31 32,0,29,,19110,640,,,0,100,,19108,640,,,0,100,,19112,640,,,0,100,,19113,640,,,0,100,,19109,640,,,0,99,,19121,640,,,0,101,,19124,640,,,0,101,,19127,640,,,0,101,,19117,640,,,0,100,,19119,640,,,0,99,,19120,640,,,0,100,,19115,640,,,0,171,,19128,640,,,0,31,,19122,640,,,0
31700,'Fête-2-01',658,,25679,260,,,0,70,,25680,260,,,0,110,,25681,260,,,0,290,,25682,260,,,0,300,,25683,260,,,0
31700,'Semaine-01',658,,25684,260,,,0,70,,25685,260,,,0,110,,25686,260,,,0,290,,25687,260,,,0,300,,25688,260,,,0
31701,'Fête-2-01',1238,,25691,270,,,0,270,,25696,270,,,0,100,,25692,270,,,0,130,,25693,270,,,0,100,,25694,270,,,0,475,,25695,270,,,0
31701,'Semaine-01',1238,,25697,270,,,0,270,,25702,270,,,0,100,,25698,270,,,0,130,,25699,270,,,0,100,,25700,270,,,0,475,,25701,270,,,0
51401,'Fête-2-01',537,,25719,300,,,0,95,,25720,300,,,0,74,,25721,300,,,0
51401,'Semaine-01',537,,25722,300,,,0,95,,25723,300,,,0,74,,25724,300,,,0
