24601,'Fête-2-01',536,,24531,160,,,0,86,,24530,160,,,0,89,,24529,160,,,0,94,,24528,160,,,0,51,,24527,160,,,0,697,,24526,160,,,0,93,,24525,160,,,0,91,,24524,160,,,0,92,,24523,160,,,0,87,,24522,160,,,0
24601,'Semaine-01',536,,24541,160,,,0,86,,24540,160,,,0,88,,24539,160,,,0,94,,24538,160,,,0,51,,24537,160,,,0,698,,24536,160,,,0,93,,24535,160,,,0,93,,24534,160,,,0,91,,24533,160,,,0,88,,24532,160,,,0
24700,'Fête-1-01',813,,24547,110,,,0,130,,24542,110,,,0,170,,24544,110,,,0,130,,24548,110,,,0,170,,24549,110,,,0,130,,24545,110,,,0,170,,24543,110,,,0,130,,24546,110,,,0
24700,'Fête-2-01',643,,24555,110,,,0,82,,24556,110,,,0,103,,24557,110,,,0,185,,24563,110,,,0,130,,24564,110,,,0,170,,24561,110,,,0,130,,24562,110,,,0,71,,24550,110,,,0,113,,24551,110,,,0,92,,24552,110,,,0,117,,24553,110,,,0,22,,24554,110,,,0,160,,24558,110,,,0,130,,24559,110,,,0,170,,24560,110,,,0
24700,'Semaine-01',643,,24573,110,,,0,82,,24574,110,,,0,103,,24575,110,,,0,185,,24581,110,,,0,130,,24582,110,,,0,170,,24579,110,,,0,130,,24580,110,,,0,71,,24565,110,,,0,113,,24566,110,,,0,28,,24567,110,,,0,64,,24568,110,,,0,87,,24569,110,,,0,30,,24570,110,,,0,22,,24571,110,,,0,145,,24572,110,,,0,15,,24576,110,,,0,130,,24577,110,,,0,170,,24578,110,,,0
24700,'Week-end-01',813,,18844,110,,,0,130,,18838,110,,,0,170,,18840,110,,,0,130,,18845,110,,,0,170,,18846,110,,,0,130,,18841,110,,,0,170,,18839,110,,,0,130,,18842,110,,,0
24900,'Fête-1-01',812,,24647,140,0,5,0,130,,24648,140,0,5,0,170,,24657,140,0,5,0,130,,24649,140,0,5,0,170,,24650,140,0,5,0,130,,24651,140,0,5,0,170,,24652,140,0,5,0,130,,24653,140,0,5,0,170,,24654,140,0,5,0,130,,24655,140,0,5,0,170,,24656,140,0,5,0
24900,'Fête-2-01',641,,24659,140,,,0,68,,24660,140,,,0,35,,24661,140,,,0,97,,24662,140,,,0,174,,24663,140,,,0,99,,24664,140,,,0,102,,24665,140,,,0,100,,24666,140,,,0,100,,24667,140,,,0,106,,24668,140,,,0,79,,24669,140,,,0,29,,24670,140,,,0,93,,24671,140,,,0,32,,24672,140,,,0,74,,24673,140,,,0,90,,24674,140,,,0,99,,24675,140,,,0,100,,24676,140,,,0,100,,24677,140,,,0,100,,24658,140,,,0
24900,'Semaine-01',644,,24679,140,,,0,65,,24680,140,,,0,35,,24681,140,,,0,97,,24682,140,,,0,69,,24683,140,,,0,105,,24684,140,,,0,99,,24685,140,,,0,102,,24686,140,,,0,100,,24687,140,,,0,100,,24688,140,,,0,106,,24689,140,,,0,79,,24690,140,,,0,29,,24691,140,,,0,93,,24692,140,,,0,32,,24693,140,,,0,74,,24694,140,,,0,90,,24695,140,,,0,99,,24696,140,,,0,100,,24697,140,,,0,100,,24698,140,,,0,100,,24678,140,,,0
24900,'Week-end-01',812,,18970,140,0,5,0,130,,18971,140,0,5,0,170,,18980,140,0,5,0,130,,18972,140,0,5,0,170,,18973,140,0,5,0,130,,18974,140,0,5,0,170,,18975,140,0,5,0,130,,18976,140,0,5,0,170,,18977,140,0,5,0,130,,18978,140,0,5,0,170,,18979,140,0,5,0
