25001,'Fête-1-01',715,,24752,90,0,31 32,0,99,,24751,90,0,31 32,0,29,,24755,440,,,0,100,,24753,440,,,0,100,,24756,440,,,0,100,,24757,440,,,0,100,,24754,440,,,0,99,,24763,440,,,0,101,,24766,440,,,0,101,,24767,440,,,0,101,,24760,440,,,0,100,,24761,440,,,0,99,,24762,440,,,0,100,,24758,440,,,0,170,,24768,440,,,0,31,,24764,440,,,0,101,,24765,440,,,0,100,,24759,440,,,0
25001,'Fête-2-01',539,,24769,90,0,31 32,0,64,,24770,90,0,31 32,0,29,,24771,90,,,0,20,,24772,440,,,0,67,,24773,440,,,0,36,,24774,440,,,0,81,,24775,440,,,0,65,,24776,440,,,0,38,,24777,440,,,0,100,,24778,440,,,0,103,,24779,440,,,0,100,,24780,440,,,0,101,,24781,440,,,0,101,,24782,440,,,0,112,,24783,440,,,0,80,,24784,440,,,0,75,,24785,440,,,0,22,,24787,440,,,0,67,,24786,440,,,0,26,,24788,440,,,0,74,,24789,440,,,0,39,,24790,440,,,0,70,,24791,440,,,0,105,,24792,440,,,0,35,,24793,440,,,0,100,,24794,440,0,8 76 19,0,98,,24795,440,0,8 76 19,0
25001,'Semaine-01',539,,24796,90,0,31 32,0,64,,24797,90,0,31 32,0,29,,24798,90,,,0,20,,24799,440,,,0,67,,24800,440,,,0,36,,24801,440,,,0,81,,24802,440,,,0,65,,24803,440,,,0,38,,24804,440,,,0,100,,24805,440,,,0,103,,24806,440,,,0,100,,24807,440,,,0,101,,24808,440,,,0,101,,24809,440,,,0,112,,24810,440,,,0,80,,24811,440,,,0,75,,24812,440,,,0,22,,24814,440,,,0,67,,24813,440,,,0,26,,24815,440,,,0,74,,24816,440,,,0,39,,24817,440,,,0,70,,24818,440,,,0,105,,24819,440,,,0,35,,24820,440,,,0,100,,24821,440,0,8 76 19,0,98,,24822,440,0,8 76 19,0
25001,'Week-end-01',715,,19212,90,0,31 32,0,99,,19196,90,0,31 32,0,29,,19110,440,,,0,100,,19108,440,,,0,100,,19112,440,,,0,100,,19113,440,,,0,100,,19109,440,,,0,99,,19121,440,,,0,101,,19124,440,,,0,101,,19127,440,,,0,101,,19117,440,,,0,100,,19119,440,,,0,99,,19120,440,,,0,100,,19115,440,,,0,170,,19128,440,,,0,31,,19122,440,,,0,101,,19123,440,,,0,100,,19116,440,,,0
31700,'Fête-2-01',651,,25679,60,,,0,70,,25680,60,,,0,110,,25681,60,,,0,290,,25682,60,,,0,300,,25683,60,,,0
31700,'Semaine-01',651,,25684,60,,,0,70,,25685,60,,,0,110,,25686,60,,,0,290,,25687,60,,,0,300,,25688,60,,,0
31701,'Fête-2-01',1232,,25691,70,,,0,270,,25696,70,,,0,100,,25692,70,,,0,130,,25693,70,,,0,100,,25694,70,,,0,475,,25695,70,,,0
31701,'Semaine-01',1232,,25697,70,,,0,270,,25702,70,,,0,100,,25698,70,,,0,130,,25699,70,,,0,100,,25700,70,,,0,475,,25701,70,,,0
51401,'Fête-2-01',527,,25719,100,,,0,95,,25720,100,,,0,34,,25721,100,,,0
51401,'Semaine-01',527,,25722,100,,,0,95,,25723,100,,,0,34,,25724,100,,,0
