22701,'Fête-1-01',939,,23543,630,,,0,200,,23544,630,,,0,200,,23545,630,,,0,200,,23546,630,,,0,200,,23547,630,,,0,200,,23548,630,,,0,200,,23549,630,,,0
22701,'Fête-2-01',540,,23550,310,0,6 7,0,70,,23551,310,0,6 7,0,26,,23552,630,,,0,70,,23553,630,,,0,36,,23554,630,,,0,80,,23555,630,,,0,80,,23556,630,,,0,35,,23557,630,,,0,100,,23558,630,,,0,100,,23559,630,,,0,100,,23560,630,,,0,100,,23561,630,,,0,100,,23562,630,,,0,100,,23563,630,,,0,105,,23564,630,,,0,90,,23565,630,,,0,80,,23566,630,,,0,40,,23567,630,,,0,69,,23568,630,,,0,30,,23569,630,,,0,85,,23570,630,,,0,100,,23571,630,,,0,100,,23572,630,,,0
22701,'Semaine-01',540,,23574,310,0,6 7,0,70,,23575,310,0,6 7,0,26,,23576,630,,,0,70,,23577,630,,,0,36,,23578,630,,,0,80,,23579,630,,,0,80,,23580,630,,,0,35,,23581,630,,,0,100,,23582,630,,,0,100,,23583,630,,,0,100,,23584,630,,,0,100,,23585,630,,,0,100,,23586,630,,,0,100,,23587,630,,,0,105,,23588,630,,,0,90,,23589,630,,,0,80,,23590,630,,,0,40,,23591,630,,,0,69,,23592,630,,,0,30,,23593,630,,,0,85,,23594,630,,,0,100,,23595,630,,,0,100,,23596,630,,,0
22701,'Week-end-01',939,,17668,630,,,0,200,,17669,630,,,0,200,,17670,630,,,0,200,,17671,630,,,0,200,,17672,630,,,0,200,,17673,630,,,0,200,,17674,630,,,0
22800,'Fête-1-01',839,,23605,640,,,0,200,,23602,640,,,0,200,,23603,640,,,0,200,,23598,640,,,0,200,,23600,640,,,0,200,,23604,640,,,0,200,,23601,640,,,0
22800,'Fête-2-01',557,,23606,200,0,6 7,0,70,,23629,200,0,6 7,0,25,,23607,640,,,0,78,,23608,640,,,0,75,,23609,640,,,0,40,,23610,640,,,0,80,,23611,640,,,0,82,,23612,640,,,0,100,,23613,640,,,0,100,,23614,640,,,0,100,,23615,640,,,0,100,,23616,640,,,0,100,,23617,640,,,0,100,,23618,640,,,0,108,,23619,640,,,0,40,,23620,640,,,0,80,,23621,640,,,0,80,,23622,640,,,0,22,,23623,640,,,0,70,,23624,640,,,0,100,,23625,640,,,0,100,,23626,640,,,0,100,,23627,640,,,0
22800,'Semaine-01',557,,23630,200,0,6 7,0,70,,23653,200,0,6 7,0,25,,23631,640,,,0,78,,23632,640,,,0,75,,23633,640,,,0,40,,23634,640,,,0,80,,23635,640,,,0,82,,23636,640,,,0,100,,23637,640,,,0,100,,23638,640,,,0,100,,23639,640,,,0,100,,23640,640,,,0,100,,23641,640,,,0,100,,23642,640,,,0,108,,23643,640,,,0,40,,23644,640,,,0,80,,23645,640,,,0,80,,23646,640,,,0,22,,23647,640,,,0,70,,23648,640,,,0,100,,23649,640,,,0,100,,23650,640,,,0,100,,23651,640,,,0
22800,'Week-end-01',839,,17738,640,,,0,200,,17735,640,,,0,200,,17736,640,,,0,200,,17731,640,,,0,200,,17733,640,,,0,200,,17737,640,,,0,200,,17734,640,,,0
60501,'Semaine-01',1653,,25888,510,,,0,252,,25889,510,,,0
70800,'Fête-1-01',744,,26035,380,,,0,104,,26036,380,,,0,89,,26037,380,,,0,100,,26038,380,,,0,102,,26039,380,,,0,99,,26040,380,,,0,100,,26041,380,,,0,100,,26042,380,,,0,100,,26043,380,,,0,100,,26044,380,,,0,100,,26045,380,,,0,100,,26046,380,,,0,100,,26047,380,,,0,96,,26048,380,,,0,103,,26049,380,,,0,80,,26050,380,,,0,83,,26051,380,,,0,40,,26033,380,,,0,117,,26034,380,,,0
70800,'Fête-2-01',606,,26052,380,,,0,30,,26053,380,,,0,70,,26054,380,,,0,35,,26055,380,,,0,70,,26056,380,,,0,11,,26057,380,,,0,19,,26058,380,,,0,68,,26059,380,,,0,29,,26060,380,,,0,102,,26061,380,,,0,100,,26062,380,,,0,100,,26063,380,,,0,100,,26064,380,,,0,100,,26065,380,,,0,99,,26066,380,,,0,76,,26067,380,,,0,20,,26068,380,,,0,13,,26069,380,,,0,61,,26070,380,,,0,9,,26071,380,,,0,21,,26072,380,,,0,13,,26073,380,,,0,60,,26074,380,,,0,6,,26075,380,,,0,15,,26076,380,,,0,11,,26077,380,,,0,63,,26078,380,,,0,30,,26079,380,,,0,100,,26080,380,,,0,100,,26081,380,,,0,90,,26082,380,,,0,83,,26083,380,,,0,98,,26084,380,,,0,100,,26085,380,,,0,100,,26086,380,,,0
70800,'Semaine-01',606,,26087,380,,,0,30,,26088,380,,,0,70,,26089,380,,,0,35,,26090,380,,,0,70,,26091,380,,,0,11,,26092,380,,,0,19,,26093,380,,,0,68,,26094,380,,,0,29,,26095,380,,,0,72,,26096,380,,,0,30,,26097,380,,,0,70,,26098,380,,,0,30,,26099,380,,,0,70,,26100,380,,,0,30,,26101,380,,,0,70,,26102,380,,,0,30,,26103,380,,,0,70,,26104,380,,,0,30,,26105,380,,,0,70,,26106,380,,,0,29,,26107,380,,,0,68,,26108,380,,,0,8,,26109,380,,,0,20,,26110,380,,,0,13,,26111,380,,,0,61,,26112,380,,,0,9,,26113,380,,,0,21,,26114,380,,,0,13,,26115,380,,,0,60,,26116,380,,,0,6,,26117,380,,,0,15,,26118,380,,,0,11,,26119,380,,,0,63,,26120,380,,,0,30,,26121,380,,,0,70,,26122,380,,,0,30,,26123,380,,,0,70,,26124,380,,,0,30,,26125,380,,,0,20,,26126,380,,,0,70,,26127,380,,,0,83,,26128,380,,,0,98,,26129,380,,,0,100,,26130,380,,,0,100,,26131,380,,,0
70800,'Week-end-01',744,,20750,380,,,0,104,,20751,380,,,0,89,,20752,380,,,0,100,,20753,380,,,0,102,,20754,380,,,0,99,,20755,380,,,0,100,,20756,380,,,0,100,,20757,380,,,0,100,,20758,380,,,0,100,,20759,380,,,0,100,,20760,380,,,0,100,,20761,380,,,0,100,,20762,380,,,0,96,,20763,380,,,0,103,,20764,380,,,0,80,,20765,380,,,0,83,,20766,380,,,0,40,,20748,380,,,0,117,,20749,380,,,0
