30301,'Fête-1-01',822,,25019,210,4,,0,100,,25020,210,4,,0,100,,25021,210,4,,0,100,,25022,210,4,,0,101,,25023,210,4,,0,100,,25024,210,4,,0,100,,25025,210,4,,0,100,,25026,210,4,,0,100,,25027,210,4,,0,100,,25028,210,4,,0,100,,25029,210,4,,0,99,,25030,210,4,,0,100,,25031,210,4,,0,100,,25032,210,4,,0,100,,25033,210,4,,0
30301,'Fête-2-01',554,,25047,210,4,,0,100,,25048,210,4,,0,70,,25049,210,4,,0,32,,25050,210,4,,0,70,,25051,210,4,,0,98,,25053,210,4,,0,100,,25054,210,4,,0,100,,25052,210,4,,0,100,,25045,210,4,,0,100,,25046,210,4,,0,100,,25044,210,4,,0,101,,25040,210,4,,0,30,,25055,210,4,,0,70,,25039,210,4,,0,30,,25034,210,4,,0,70,,25035,210,4,,0,30,,25036,210,4,,0,70,,25041,210,4,,0,98,,25042,210,4,,0,100,,25043,210,4,,0,99,,25037,210,4,,0,100,,25038,210,4,,0
30301,'Semaine-01',554,,25069,210,4,,0,100,,25070,210,4,,0,70,,25071,210,4,,0,32,,25072,210,4,,0,70,,25073,210,4,,0,98,,25075,210,4,,0,100,,25076,210,4,,0,100,,25074,210,4,,0,100,,25067,210,4,,0,100,,25068,210,4,,0,100,,25066,210,4,,0,101,,25062,210,4,,0,30,,25077,210,4,,0,70,,25061,210,4,,0,30,,25056,210,4,,0,70,,25057,210,4,,0,30,,25058,210,4,,0,70,,25063,210,4,,0,98,,25064,210,4,,0,100,,25065,210,4,,0,99,,25059,210,4,,0,100,,25060,210,4,,0
30301,'Week-end-01',822,,19504,210,4,,0,100,,19505,210,4,,0,100,,19506,210,4,,0,100,,19507,210,4,,0,101,,19508,210,4,,0,100,,19509,210,4,,0,100,,19510,210,4,,0,100,,19511,210,4,,0,100,,19512,210,4,,0,100,,19513,210,4,,0,100,,19514,210,4,,0,99,,19515,210,4,,0,100,,19516,210,4,,0,100,,19517,210,4,,0,100,,19518,210,4,,0
30601,'Fête-1-01',821,,25139,90,4,,0,100,,25140,90,4,,0,100,,25141,90,4,,0,100,,25142,90,4,,0,101,,25143,90,4,,0,100,,25144,90,4,,0,100,,25145,90,4,,0,100,,25146,90,4,,0,100,,25147,90,4,,0,100,,25148,90,4,,0,100,,25149,90,4,,0,99,,25150,90,4,,0,100,,25151,90,4,,0,100,,25152,90,4,,0,100,,25153,90,4,,0
30601,'Fête-2-01',553,,25154,90,4,,0,100,,25155,90,4,,0,70,,25156,90,4,,0,32,,25157,90,4,,0,70,,25158,90,4,,0,98,,25159,90,4,,0,100,,25160,90,4,,0,100,,25161,90,4,,0,100,,25162,90,4,,0,100,,25163,90,4,,0,100,,25164,90,4,,0,101,,25165,90,4,,0,30,,25166,90,4,,0,70,,25167,90,4,,0,30,,25168,90,4,,0,70,,25169,90,4,,0,30,,25170,90,4,,0,70,,25171,90,4,,0,98,,25175,90,4,,0,100,,25172,90,4,,0,99,,25173,90,4,,0,100,,25174,90,4,,0
30601,'Semaine-01',553,,25176,90,4,,0,100,,25177,90,4,,0,70,,25178,90,4,,0,32,,25179,90,4,,0,70,,25180,90,4,,0,98,,25181,90,4,,0,100,,25182,90,4,,0,100,,25183,90,4,,0,100,,25184,90,4,,0,100,,25185,90,4,,0,100,,25186,90,4,,0,101,,25187,90,4,,0,30,,25188,90,4,,0,70,,25189,90,4,,0,30,,25190,90,4,,0,70,,25191,90,4,,0,30,,25192,90,4,,0,70,,25193,90,4,,0,98,,25197,90,4,,0,100,,25194,90,4,,0,99,,25195,90,4,,0,100,,25196,90,4,,0
30601,'Week-end-01',821,,19654,90,4,,0,100,,19655,90,4,,0,100,,19656,90,4,,0,100,,19657,90,4,,0,101,,19658,90,4,,0,100,,19659,90,4,,0,100,,19660,90,4,,0,100,,19661,90,4,,0,100,,19662,90,4,,0,100,,19663,90,4,,0,100,,19664,90,4,,0,99,,19665,90,4,,0,100,,19666,90,4,,0,100,,19667,90,4,,0,100,,19668,90,4,,0
30901,'Fête-1-01',823,,25259,30,4,,0,100,,25260,30,4,,0,100,,25261,30,4,,0,100,,25262,30,4,,0,101,,25263,30,4,,0,100,,25264,30,4,,0,100,,25265,30,4,,0,100,,25266,30,4,,0,100,,25267,30,4,,0,100,,25268,30,4,,0,100,,25269,30,4,,0,99,,25270,30,4,,0,100,,25271,30,4,,0,100,,25272,30,4,,0,100,,25273,30,4,,0
30901,'Fête-2-01',555,,25274,30,4,,0,100,,25275,30,4,,0,70,,25276,30,4,,0,32,,25277,30,4,,0,70,,25278,30,4,,0,98,,25279,30,4,,0,100,,25280,30,4,,0,100,,25281,30,4,,0,100,,25282,30,4,,0,100,,25283,30,4,,0,100,,25284,30,4,,0,101,,25285,30,4,,0,30,,25286,30,4,,0,70,,25287,30,4,,0,30,,25288,30,4,,0,70,,25289,30,4,,0,30,,25290,30,4,,0,70,,25291,30,4,,0,98,,25295,30,4,,0,100,,25292,30,4,,0,99,,25293,30,4,,0,100,,25294,30,4,,0
30901,'Semaine-01',555,,25296,30,4,,0,100,,25297,30,4,,0,70,,25298,30,4,,0,32,,25299,30,4,,0,70,,25300,30,4,,0,98,,25301,30,4,,0,100,,25302,30,4,,0,100,,25303,30,4,,0,100,,25304,30,4,,0,100,,25305,30,4,,0,100,,25306,30,4,,0,101,,25307,30,4,,0,30,,25308,30,4,,0,70,,25309,30,4,,0,30,,25310,30,4,,0,70,,25311,30,4,,0,30,,25312,30,4,,0,70,,25313,30,4,,0,98,,25317,30,4,,0,100,,25314,30,4,,0,99,,25315,30,4,,0,100,,25316,30,4,,0
30901,'Week-end-01',823,,19804,30,4,,0,100,,19805,30,4,,0,100,,19806,30,4,,0,100,,19807,30,4,,0,101,,19808,30,4,,0,100,,19809,30,4,,0,100,,19810,30,4,,0,100,,19811,30,4,,0,100,,19812,30,4,,0,100,,19813,30,4,,0,100,,19814,30,4,,0,99,,19815,30,4,,0,100,,19816,30,4,,0,100,,19817,30,4,,0,100,,19818,30,4,,0
31001,'Fête-1-01',821,,25379,170,4,,0,100,,25380,170,4,,0,100,,25381,170,4,,0,100,,25382,170,4,,0,101,,25383,170,4,,0,100,,25384,170,4,,0,100,,25385,170,4,,0,100,,25386,170,4,,0,100,,25387,170,4,,0,100,,25388,170,4,,0,100,,25389,170,4,,0,99,,25390,170,4,,0,100,,25391,170,4,,0,100,,25392,170,4,,0,100,,25393,170,4,,0
31001,'Fête-2-01',553,,25394,170,4,,0,100,,25395,170,4,,0,70,,25396,170,4,,0,32,,25397,170,4,,0,70,,25398,170,4,,0,98,,25399,170,4,,0,100,,25400,170,4,,0,100,,25401,170,4,,0,100,,25402,170,4,,0,100,,25403,170,4,,0,100,,25404,170,4,,0,101,,25405,170,4,,0,30,,25406,170,4,,0,70,,25407,170,4,,0,30,,25408,170,4,,0,70,,25409,170,4,,0,30,,25410,170,4,,0,70,,25411,170,4,,0,98,,25415,170,4,,0,100,,25412,170,4,,0,99,,25413,170,4,,0,100,,25414,170,4,,0
31001,'Semaine-01',553,,25416,170,4,,0,100,,25417,170,4,,0,70,,25418,170,4,,0,32,,25419,170,4,,0,70,,25420,170,4,,0,98,,25421,170,4,,0,100,,25422,170,4,,0,100,,25423,170,4,,0,100,,25424,170,4,,0,100,,25425,170,4,,0,100,,25426,170,4,,0,101,,25427,170,4,,0,30,,25428,170,4,,0,70,,25429,170,4,,0,30,,25430,170,4,,0,70,,25431,170,4,,0,30,,25432,170,4,,0,70,,25433,170,4,,0,98,,25437,170,4,,0,100,,25434,170,4,,0,99,,25435,170,4,,0,100,,25436,170,4,,0
31001,'Week-end-01',821,,19954,170,4,,0,100,,19955,170,4,,0,100,,19956,170,4,,0,100,,19957,170,4,,0,101,,19958,170,4,,0,100,,19959,170,4,,0,100,,19960,170,4,,0,100,,19961,170,4,,0,100,,19962,170,4,,0,100,,19963,170,4,,0,100,,19964,170,4,,0,99,,19965,170,4,,0,100,,19966,170,4,,0,100,,19967,170,4,,0,100,,19968,170,4,,0
31101,'Fête-1-01',823,,25499,200,4,,0,100,,25500,200,4,,0,100,,25501,200,4,,0,100,,25502,200,4,,0,101,,25503,200,4,,0,100,,25504,200,4,,0,100,,25505,200,4,,0,100,,25506,200,4,,0,100,,25507,200,4,,0,100,,25508,200,4,,0,100,,25509,200,4,,0,99,,25510,200,4,,0,100,,25511,200,4,,0,100,,25512,200,4,,0,100,,25513,200,4,,0
31101,'Fête-2-01',554,,25514,200,4,,0,101,,25515,200,4,,0,70,,25516,200,4,,0,32,,25517,200,4,,0,70,,25518,200,4,,0,98,,25519,200,4,,0,100,,25520,200,4,,0,100,,25521,200,4,,0,100,,25522,200,4,,0,100,,25523,200,4,,0,100,,25524,200,4,,0,101,,25525,200,4,,0,30,,25526,200,4,,0,70,,25527,200,4,,0,30,,25528,200,4,,0,70,,25529,200,4,,0,30,,25530,200,4,,0,70,,25531,200,4,,0,98,,25535,200,4,,0,100,,25532,200,4,,0,99,,25533,200,4,,0,100,,25534,200,4,,0
31101,'Semaine-01',554,,25536,200,4,,0,101,,25537,200,4,,0,70,,25538,200,4,,0,32,,25539,200,4,,0,70,,25540,200,4,,0,98,,25541,200,4,,0,100,,25542,200,4,,0,100,,25543,200,4,,0,100,,25544,200,4,,0,100,,25545,200,4,,0,100,,25546,200,4,,0,101,,25547,200,4,,0,30,,25548,200,4,,0,70,,25549,200,4,,0,30,,25550,200,4,,0,70,,25551,200,4,,0,30,,25552,200,4,,0,70,,25553,200,4,,0,98,,25557,200,4,,0,100,,25554,200,4,,0,99,,25555,200,4,,0,100,,25556,200,4,,0
31101,'Week-end-01',823,,20104,200,4,,0,100,,20105,200,4,,0,100,,20106,200,4,,0,100,,20107,200,4,,0,101,,20108,200,4,,0,100,,20109,200,4,,0,100,,20110,200,4,,0,100,,20111,200,4,,0,100,,20112,200,4,,0,100,,20113,200,4,,0,100,,20114,200,4,,0,99,,20115,200,4,,0,100,,20116,200,4,,0,100,,20117,200,4,,0,100,,20118,200,4,,0
31200,'Fête-1-01',822,,25558,220,4,,0,100,,25559,220,4,,0,100,,25560,220,4,,0,100,,25561,220,4,,0,101,,25562,220,4,,0,100,,25563,220,4,,0,100,,25564,220,4,,0,100,,25565,220,4,,0,100,,25566,220,4,,0,100,,25567,220,4,,0,100,,25568,220,4,,0,99,,25569,220,4,,0,100,,25570,220,4,,0,100,,25571,220,4,,0,100,,25572,220,4,,0
31200,'Fête-2-01',554,,25573,220,4,,0,100,,25574,220,4,,0,70,,25575,220,4,,0,32,,25576,220,4,,0,70,,25577,220,4,,0,98,,25578,220,4,,0,100,,25579,220,4,,0,100,,25580,220,4,,0,100,,25581,220,4,,0,100,,25582,220,4,,0,100,,25583,220,4,,0,101,,25584,220,4,,0,30,,25585,220,4,,0,70,,25586,220,4,,0,30,,25587,220,4,,0,70,,25588,220,4,,0,30,,25589,220,4,,0,70,,25590,220,4,,0,98,,25594,220,4,,0,100,,25591,220,4,,0,99,,25592,220,4,,0,100,,25593,220,4,,0
31200,'Semaine-01',554,,25595,220,4,,0,100,,25596,220,4,,0,70,,25597,220,4,,0,32,,25598,220,4,,0,70,,25599,220,4,,0,98,,25600,220,4,,0,100,,25601,220,4,,0,100,,25602,220,4,,0,100,,25603,220,4,,0,100,,25604,220,4,,0,100,,25605,220,4,,0,101,,25606,220,4,,0,30,,25607,220,4,,0,70,,25608,220,4,,0,30,,25609,220,4,,0,70,,25610,220,4,,0,30,,25611,220,4,,0,70,,25612,220,4,,0,98,,25616,220,4,,0,100,,25613,220,4,,0,99,,25614,220,4,,0,100,,25615,220,4,,0
31200,'Week-end-01',822,,20178,220,4,,0,100,,20179,220,4,,0,100,,20180,220,4,,0,100,,20181,220,4,,0,101,,20182,220,4,,0,100,,20183,220,4,,0,100,,20184,220,4,,0,100,,20185,220,4,,0,100,,20186,220,4,,0,100,,20187,220,4,,0,100,,20188,220,4,,0,99,,20189,220,4,,0,100,,20190,220,4,,0,100,,20191,220,4,,0,100,,20192,220,4,,0
50900,'Semaine-01',737,,25709,70,,,0
70900,'Fête-2-01',633,,26268,610,0,11 12 13,0,79,,26269,610,0,11 12 13,0,20,,26270,610,0,11 12 13,0,7,,26271,610,0,11 12 13,0,78,,26272,610,0,11 12 13,0,19,,26273,610,0,11 12 13,0,65,,26274,610,0,11 12 13,0,28,,26275,610,0,11 12 13,0,74,,26276,610,0,11 12 13,0,25,,26314,610,0,11 12 13,0,28,,26277,610,0,11 12 13,0,55,,26278,610,0,11 12 13,0,29,,26279,610,0,11 12 13,0,15,,26280,610,0,11 12 13,0,55,,26281,610,0,11 12 13,0,23,,26282,610,0,11 12 13,0,71,,26283,610,0,11 12 13,0,15,,26310,610,0,11 12 13,0,15,,26313,610,0,11 12 13,0,15,,26312,610,0,11 12 13,0,70,,26311,610,0,11 12 13,0,85,,26309,610,0,11 12 13,0,15,,26284,610,0,11 12 13,0,24,,26285,610,0,11 12 13,0
70900,'Semaine-01',633,,26322,610,0,11 12 13,0,12,,26380,610,0,11 12 13,0,67,,26323,610,0,11 12 13,0,10,,26324,610,0,11 12 13,0,10,,26325,610,0,11 12 13,0,7,,26326,610,0,11 12 13,0,19,,26327,610,0,11 12 13,0,59,,26328,610,0,11 12 13,0,10,,26329,610,0,11 12 13,0,9,,26330,610,0,11 12 13,0,13,,26331,610,0,11 12 13,0,52,,26332,610,0,11 12 13,0,17,,26333,610,0,11 12 13,0,11,,26334,610,0,11 12 13,0,19,,26378,610,0,11 12 13,0,55,,26335,610,0,11 12 13,0,25,,26377,610,0,11 12 13,0,15,,26336,610,0,11 12 13,0,13,,26337,610,0,11 12 13,0,55,,26338,610,0,11 12 13,0,29,,26339,610,0,11 12 13,0,15,,26340,610,0,11 12 13,0,55,,26341,610,0,11 12 13,0,23,,26342,610,0,11 12 13,0,71,,26343,610,0,11 12 13,0,15,,26373,610,0,11 12 13,0,15,,26376,610,0,11 12 13,0,15,,26375,610,0,11 12 13,0,70,,26374,610,0,11 12 13,0,85,,26372,610,0,11 12 13,0,15,,26344,610,0,11 12 13,0,24,,26345,610,0,11 12 13,0
