23300,'Fête-1-01',919,,23896,670,,,0,200,,23898,670,,,0,201,,23894,670,,,0,203,,23899,670,,,0,200,,23897,670,,,0,197,,23895,670,,,0,200,,23892,670,,,0
23300,'Fête-2-01',654,,23900,670,,,0,82,,23901,670,,,0,120,,23911,670,,,0,268,,23902,670,,,0,200,,23903,670,,,0,202,,23904,670,,,0,175,,23905,670,,,0,103,,23906,670,,,0,102,,23910,670,,,0,103,,23907,670,,,0,115,,23908,670,,,0
23300,'Semaine-01',654,,23912,670,,,0,82,,23913,670,,,0,120,,23923,670,,,0,268,,23914,670,,,0,200,,23915,670,,,0,202,,23916,670,,,0,175,,23917,670,,,0,103,,23918,670,,,0,102,,23922,670,,,0,103,,23919,670,,,0,115,,23920,670,,,0
23300,'Week-end-01',919,,18073,670,,,0,200,,18075,670,,,0,201,,18071,670,,,0,203,,18076,670,,,0,200,,18074,670,,,0,197,,18072,670,,,0,200,,18069,670,,,0
23400,'Fête-1-01',825,,23931,450,,,0,196,,23929,680,,,0,200,,23927,680,,,0,203,,23924,680,,,0,201,,23926,680,,,0,195,,23925,680,,,0,200,,23930,680,,,0,200,,23928,680,,,0
23400,'Fête-2-01',551,,23943,450,,,0,65,,23942,450,,,0,97,,23932,680,,,0,107,,23945,680,,,0,103,,23933,680,,,0,100,,23934,680,,,0,200,,23935,680,,,0,200,,23936,680,,,0,204,,23937,680,,,0,108,,23938,680,,,0,101,,23939,680,,,0,95,,23944,680,,,0,91,,23940,680,,,0,200,,23941,680,,,0
23400,'Semaine-01',551,,23957,450,,,0,65,,23956,450,,,0,97,,23946,680,,,0,107,,23959,680,,,0,103,,23947,680,,,0,100,,23948,680,,,0,200,,23949,680,,,0,200,,23950,680,,,0,204,,23951,680,,,0,108,,23952,680,,,0,101,,23953,680,,,0,95,,23958,680,,,0,91,,23954,680,,,0,200,,23955,680,,,0
23400,'Week-end-01',825,,18120,450,,,0,196,,18118,680,,,0,200,,18116,680,,,0,203,,18113,680,,,0,201,,18115,680,,,0,195,,18114,680,,,0,200,,18119,680,,,0,200,,18117,680,,,0
23900,'Fête-1-01',826,,24263,340,,,0,85,,24248,530,,,0,103,,24256,530,,,0,106,,24257,530,,,0,104,,24258,530,,,0,100,,24259,530,,,0,100,,24260,530,,,0,100,,24261,530,,,0,100,,24254,530,,,0,96,,24250,530,,,0,98,,24249,530,,,0,96,,24251,530,,,0,96,,24252,530,,,0,100,,24253,530,,,0,100,,24255,530,,,0
23900,'Fête-2-01',552,,24279,340,0,31 13,0,70,,24276,340,0,31 13,0,35,,24264,530,,,0,60,,24288,530,,,0,35,,24265,530,,,0,69,,24266,530,,,0,30,,24280,530,,,0,70,,24277,530,,,0,95,,24267,530,,,0,100,,24268,530,,,0,102,,24269,530,,,0,105,,24270,530,,,0,100,,24271,530,,,0,98,,24272,530,,,0,103,,24273,530,,,0,35,,24274,530,,,0,76,,24285,530,,,0,75,,24286,530,,,0,18,,24281,530,,,0,75,,24278,530,,,0,22,,24275,530,,,0,78,,24287,530,,,0,109,,24284,530,,,0,98,,24283,530,,,0
23900,'Semaine-01',552,,24304,340,0,31 13,0,70,,24301,340,0,31 13,0,35,,24289,530,,,0,60,,24313,530,,,0,35,,24290,530,,,0,69,,24291,530,,,0,30,,24305,530,,,0,70,,24302,530,,,0,95,,24292,530,,,0,100,,24293,530,,,0,102,,24294,530,,,0,105,,24295,530,,,0,100,,24296,530,,,0,98,,24297,530,,,0,103,,24298,530,,,0,35,,24299,530,,,0,76,,24310,530,,,0,75,,24311,530,,,0,18,,24306,530,,,0,75,,24303,530,,,0,22,,24300,530,,,0,78,,24312,530,,,0,109,,24309,530,,,0,98,,24308,530,,,0
23900,'Week-end-01',826,,18566,340,,,0,85,,18551,530,,,0,103,,18559,530,,,0,106,,18560,530,,,0,104,,18561,530,,,0,100,,18562,530,,,0,100,,18563,530,,,0,100,,18564,530,,,0,100,,18557,530,,,0,96,,18553,530,,,0,98,,18552,530,,,0,96,,18554,530,,,0,96,,18555,530,,,0,100,,18556,530,,,0,100,,18558,530,,,0
