25001,'Fête-1-01',721,,24752,240,0,31 32,0,99,,24751,240,0,31 32,0,29,,24755,590,,,0,100,,24753,590,,,0,100,,24756,590,,,0,100,,24757,590,,,0,100,,24754,590,,,0,99,,24763,590,,,0,101,,24766,590,,,0,101,,24767,590,,,0,101,,24760,590,,,0,100,,24761,590,,,0,99,,24762,590,,,0,100,,24758,590,,,0,171,,24768,590,,,0,31,,24764,590,,,0
25001,'Fête-2-01',546,,24769,240,0,31 32,0,64,,24770,240,0,31 32,0,29,,24771,240,,,0,61,,24772,590,,,0,26,,24773,590,,,0,77,,24774,590,,,0,41,,24775,590,,,0,65,,24776,590,,,0,37,,24777,590,,,0,100,,24778,590,,,0,103,,24779,590,,,0,100,,24780,590,,,0,101,,24781,590,,,0,101,,24782,590,,,0,152,,24783,590,,,0,40,,24784,590,,,0,75,,24785,590,,,0,22,,24787,590,,,0,67,,24786,590,,,0,26,,24788,590,,,0,73,,24789,590,,,0,39,,24790,590,,,0,70,,24791,590,,,0,105,,24792,590,,,0,35,,24793,590,,,0
25001,'Semaine-01',546,,24796,240,,,0,64,,24797,240,,,0,29,,24798,240,,,0,61,,24799,590,,,0,26,,24800,590,,,0,77,,24801,590,,,0,41,,24802,590,,,0,65,,24803,590,,,0,37,,24804,590,,,0,100,,24805,590,,,0,103,,24806,590,,,0,100,,24807,590,,,0,101,,24808,590,,,0,101,,24809,590,,,0,152,,24810,590,,,0,40,,24811,590,,,0,75,,24812,590,,,0,22,,24814,590,,,0,67,,24813,590,,,0,26,,24815,590,,,0,73,,24816,590,,,0,39,,24817,590,,,0,70,,24818,590,,,0,105,,24819,590,,,0,35,,24820,590,,,0
25001,'Week-end-01',721,,19212,240,0,31 32,0,99,,19196,240,0,31 32,0,29,,19110,590,,,0,100,,19108,590,,,0,100,,19112,590,,,0,100,,19113,590,,,0,100,,19109,590,,,0,99,,19121,590,,,0,101,,19124,590,,,0,101,,19127,590,,,0,101,,19117,590,,,0,100,,19119,590,,,0,99,,19120,590,,,0,100,,19115,590,,,0,171,,19128,590,,,0,31,,19122,590,,,0
31700,'Fête-2-01',656,,25679,210,,,0,70,,25680,210,,,0,110,,25681,210,,,0,290,,25682,210,,,0,300,,25683,210,,,0
31700,'Semaine-01',656,,25684,210,,,0,70,,25685,210,,,0,110,,25686,210,,,0,290,,25687,210,,,0,300,,25688,210,,,0
31701,'Fête-2-01',1236,,25691,220,,,0,270,,25696,220,,,0,100,,25692,220,,,0,130,,25693,220,,,0,100,,25694,220,,,0,475,,25695,220,,,0
31701,'Semaine-01',1236,,25697,220,,,0,270,,25702,220,,,0,100,,25698,220,,,0,130,,25699,220,,,0,100,,25700,220,,,0,475,,25701,220,,,0
51401,'Fête-2-01',534,,25719,250,,,0,95,,25720,250,,,0,74,,25721,250,,,0
51401,'Semaine-01',534,,25722,250,,,0,95,,25723,250,,,0,74,,25724,250,,,0
