23000,'Fête-1-01',854,,23656,250,,,0,100,,23657,250,,,0,102,,23661,250,,,0,101,,23662,250,,,0,102,,23663,250,,,0,141,,23664,250,,,0,101,,23665,250,,,0,58,,23667,250,,,0,98,,23655,250,,,0,97,,23654,250,,,0,99,,23666,250,,,0,100,,23660,250,,,0,100,,23659,250,,,0,100,,23658,250,,,0,100,,23668,250,,,0
23000,'Fête-2-01',625,,23673,250,,,0,31,,23674,250,,,0,70,,23675,250,,,0,32,,23676,250,,,0,71,,23677,250,,,0,71,,23678,250,,,0,102,,23679,250,,,0,104,,23684,250,,,0,104,,23685,250,,,0,107,,23686,250,,,0,117,,23687,250,,,0,115,,23688,250,,,0,82,,23671,250,,,0,74,,23670,250,,,0,38,,23669,250,0,8 27 75,0,67,,23672,250,,,0,34,,23689,250,,,0,69,,23683,250,,,0,98,,23682,250,,,0,99,,23681,250,,,0,100,,23680,250,,,0
23000,'Semaine-01',625,,23694,250,,,0,31,,23695,250,,,0,70,,23696,250,,,0,32,,23697,250,,,0,71,,23698,250,,,0,71,,23699,250,,,0,102,,23700,250,,,0,104,,23705,250,,,0,104,,23706,250,,,0,107,,23707,250,,,0,117,,23708,250,,,0,115,,23709,250,,,0,82,,23692,250,,,0,74,,23691,250,,,0,38,,23690,250,0,8 27 75,0,67,,23693,250,,,0,34,,23710,250,,,0,69,,23704,250,,,0,98,,23703,250,,,0,99,,23702,250,,,0,100,,23701,250,,,0
23000,'Week-end-01',854,,17798,250,,,0,100,,17799,250,,,0,102,,17803,250,,,0,101,,17804,250,,,0,102,,17805,250,,,0,141,,17806,250,,,0,101,,17807,250,,,0,58,,17809,250,,,0,98,,17797,250,,,0,97,,17796,250,,,0,99,,17808,250,,,0,100,,17802,250,,,0,100,,17801,250,,,0,100,,17800,250,,,0,100,,17810,250,,,0
23101,'Fête-1-01',855,,23777,290,,,0,100,,23776,290,,,0,100,,23778,290,,,0,100,,23774,290,,,0,100,,23779,290,,,0,100,,23773,290,,,0,100,,23780,290,,,0,100,,23772,290,,,0,100,,23781,290,,,0,100,,23775,290,,,0,100,,23782,290,,,0,100,,23771,290,,,0,100,,23783,290,,,0,100,,23770,290,,,0
23101,'Fête-2-01',629,,23785,290,,,0,24,,23786,290,,,0,77,,23787,290,,,0,27,,23788,290,,,0,74,,23789,290,,,0,95,,23790,290,,,0,100,,23791,290,,,0,100,,23792,290,,,0,100,,23793,290,,,0,100,,23794,290,,,0,101,,23795,290,,,0,100,,23796,290,,,0,88,,23797,290,,,0,32,,23798,290,,,0,67,,23799,290,,,0,27,,23800,290,,,0,72,,23801,290,,,0,27,,23802,290,,,0,85,,23803,290,,,0,100,,23804,290,,,0,103,,23805,290,,,0,100,,23806,290,,,0
23101,'Semaine-01',629,,23808,290,,,0,24,,23809,290,,,0,77,,23810,290,,,0,27,,23811,290,,,0,74,,23812,290,,,0,95,,23813,290,,,0,100,,23814,290,,,0,100,,23815,290,,,0,100,,23816,290,,,0,100,,23817,290,,,0,101,,23818,290,,,0,100,,23819,290,,,0,88,,23820,290,,,0,32,,23821,290,,,0,67,,23822,290,,,0,27,,23823,290,,,0,72,,23824,290,,,0,27,,23825,290,,,0,85,,23826,290,,,0,100,,23827,290,,,0,103,,23828,290,,,0,100,,23829,290,,,0
23101,'Week-end-01',855,,17953,290,,,0,100,,17952,290,,,0,100,,17954,290,,,0,100,,17950,290,,,0,100,,17955,290,,,0,100,,17949,290,,,0,100,,17956,290,,,0,100,,17948,290,,,0,100,,17957,290,,,0,100,,17951,290,,,0,100,,17958,290,,,0,100,,17947,290,,,0,100,,17959,290,,,0,100,,17946,290,,,0
23500,'Fête-1-01',855,,23968,340,,,0,100,,23964,340,,,0,100,,23969,340,,,0,101,,23970,340,,,0,100,,23973,340,,,0,100,,23971,340,,,0,100,,23972,340,,,0,99,,23966,340,,,0,100,,23967,340,,,0,100,,23965,340,,,0,100,,23960,340,,,0,100,,23962,340,,,0,100,,23963,340,,,0,100,,23961,340,,,0,100,,23974,340,,,0
23500,'Fête-2-01',626,,23976,340,,,0,20,,23975,340,,,0,81,,23978,340,,,0,25,,23977,340,,,0,75,,23980,340,,,0,30,,23979,340,,,0,101,,23981,340,,,0,100,,23982,340,,,0,100,,23983,340,,,0,100,,23984,340,,,0,100,,23985,340,,,0,101,,23986,340,,,0,154,,23987,340,,,0,40,,23989,340,,,0,73,,23988,340,,,0,75,,23990,340,,,0,30,,23992,340,,,0,72,,23991,340,,,0,98,,23993,340,,,0,100,,23994,340,,,0,99,,23995,340,,,0,101,,23996,340,,,0
23500,'Semaine-01',626,,23998,340,,,0,20,,23997,340,,,0,81,,24000,340,,,0,25,,23999,340,,,0,75,,24002,340,,,0,30,,24001,340,,,0,101,,24003,340,,,0,100,,24004,340,,,0,100,,24005,340,,,0,100,,24006,340,,,0,100,,24007,340,,,0,101,,24008,340,,,0,154,,24009,340,,,0,40,,24011,340,,,0,73,,24010,340,,,0,75,,24012,340,,,0,30,,24014,340,,,0,72,,24013,340,,,0,98,,24015,340,,,0,100,,24016,340,,,0,99,,24017,340,,,0,101,,24018,340,,,0
23500,'Week-end-01',855,,18188,340,,,0,100,,18184,340,,,0,100,,18189,340,,,0,101,,18190,340,,,0,100,,18193,340,,,0,100,,18191,340,,,0,100,,18192,340,,,0,99,,18186,340,,,0,100,,18187,340,,,0,100,,18185,340,,,0,100,,18180,340,,,0,100,,18182,340,,,0,100,,18183,340,,,0,100,,18181,340,,,0,100,,18194,340,,,0
