22701,'Fête-1-01',850,,23543,30,,,0,200,,23544,30,,,0,200,,23545,30,,,0,200,,23546,30,,,0,200,,23547,30,,,0,200,,23548,30,,,0,200,,23549,30,,,0
22701,'Fête-2-01',550,,23552,30,,,0,70,,23553,30,,,0,30,,23554,30,,,0,80,,23555,30,,,0,80,,23556,30,,,0,40,,23557,30,,,0,100,,23558,30,,,0,100,,23559,30,,,0,100,,23560,30,,,0,100,,23561,30,,,0,100,,23562,30,,,0,100,,23563,30,,,0,100,,23564,30,,,0,90,,23565,30,,,0,80,,23566,30,,,0,80,,23567,30,,,0,35,,23568,30,,,0,70,,23569,30,,,0,45,,23570,30,,,0,100,,23571,30,,,0,100,,23572,30,,,0,100,,23573,30,0,8 14 1 15 16 17,0
22701,'Semaine-01',550,,23576,30,,,0,70,,23577,30,,,0,30,,23578,30,,,0,80,,23579,30,,,0,80,,23580,30,,,0,40,,23581,30,,,0,100,,23582,30,,,0,100,,23583,30,,,0,100,,23584,30,,,0,100,,23585,30,,,0,100,,23586,30,,,0,100,,23587,30,,,0,100,,23588,30,,,0,90,,23589,30,,,0,80,,23590,30,,,0,80,,23591,30,,,0,35,,23592,30,,,0,70,,23593,30,,,0,45,,23594,30,,,0,100,,23595,30,,,0,100,,23596,30,,,0,100,,23597,30,0,8 14 1 15 16 17,0
22701,'Week-end-01',850,,17668,30,,,0,200,,17669,30,,,0,200,,17670,30,,,0,200,,17671,30,,,0,200,,17672,30,,,0,200,,17673,30,,,0,200,,17674,30,,,0
22800,'Fête-1-01',750,,23605,30,,,0,200,,23602,30,,,0,200,,23603,30,,,0,200,,23598,30,,,0,200,,23600,30,,,0,200,,23604,30,,,0,200,,23601,30,,,0,200,,23599,30,0,8 14 1 18 19,0
22800,'Fête-2-01',605,,23607,30,,,0,30,,23608,30,,,0,75,,23609,30,,,0,40,,23610,30,,,0,80,,23611,30,,,0,90,,23612,30,,,0,100,,23613,30,,,0,100,,23614,30,,,0,100,,23615,30,,,0,100,,23616,30,,,0,100,,23617,30,,,0,100,,23618,30,,,0,100,,23619,30,,,0,80,,23620,30,,,0,40,,23621,30,,,0,80,,23622,30,,,0,30,,23623,30,,,0,70,,23624,30,,,0,100,,23625,30,,,0,100,,23626,30,,,0,100,,23627,30,,,0,100,,23628,30,0,8 14 1 18 19,0
22800,'Semaine-01',605,,23631,30,,,0,30,,23632,30,,,0,75,,23633,30,,,0,40,,23634,30,,,0,80,,23635,30,,,0,90,,23636,30,,,0,100,,23637,30,,,0,100,,23638,30,,,0,100,,23639,30,,,0,100,,23640,30,,,0,100,,23641,30,,,0,100,,23642,30,,,0,100,,23643,30,,,0,80,,23644,30,,,0,40,,23645,30,,,0,80,,23646,30,,,0,30,,23647,30,,,0,70,,23648,30,,,0,100,,23649,30,,,0,100,,23650,30,,,0,100,,23651,30,,,0,100,,23652,30,0,8 14 1 18 19,0
22800,'Week-end-01',750,,17738,30,,,0,200,,17735,30,,,0,200,,17736,30,,,0,200,,17731,30,,,0,200,,17733,30,,,0,200,,17737,30,,,0,200,,17734,30,,,0,200,,17732,30,0,8 14 1 18 19,0
60500,'Semaine-01',640,,25886,30,,,0,205,,25887,30,,,0
70801,'Fête-1-01',625,,26134,30,,,0,100,,26150,30,,,0,34,,26135,30,,,0,100,,26136,30,,,0,91,,26137,30,,,0,100,,26138,30,,,0,100,,26139,30,,,0,100,,26140,30,,,0,100,,26141,30,,,0,100,,26142,30,,,0,100,,26143,30,,,0,100,,26144,30,,,0,100,,26145,30,,,0,100,,26146,30,,,0,100,,26147,30,,,0,100,,26148,30,,,0,100,,26149,30,,,0,80,,26132,30,,,0,118,,26133,30,,,0
70801,'Fête-2-01',436,,26151,30,,,0,69,,26152,30,,,0,45,,26153,30,,,0,70,,26154,30,,,0,30,,26155,30,,,0,70,,26156,30,,,0,30,,26157,30,,,0,70,,26158,30,,,0,30,,26159,30,,,0,100,,26160,30,,,0,100,,26161,30,,,0,100,,26162,30,,,0,100,,26163,30,,,0,100,,26164,30,,,0,100,,26165,30,,,0,100,,26166,30,,,0,70,,26167,30,,,0,30,,26168,30,,,0,75,,26169,30,,,0,30,,26170,30,,,0,70,,26171,30,,,0,25,,26172,30,,,0,100,,26173,30,,,0,100,,26174,30,,,0,100,,26175,30,,,0,100,,26176,30,,,0,96,,26177,30,,,0,100,,26183,30,,,0
70801,'Semaine-01',436,,26184,30,,,0,69,,26185,30,,,0,45,,26186,30,,,0,70,,26187,30,,,0,25,,26227,30,,,0,5,,26188,30,,,0,70,,26189,30,,,0,30,,26190,30,,,0,70,,26191,30,,,0,30,,26192,30,,,0,70,,26193,30,,,0,30,,26194,30,,,0,70,,26195,30,,,0,30,,26196,30,,,0,70,,26197,30,,,0,30,,26198,30,,,0,70,,26199,30,,,0,30,,26200,30,,,0,70,,26201,30,,,0,30,,26202,30,,,0,70,,26203,30,,,0,30,,26204,30,,,0,70,,26205,30,,,0,30,,26206,30,,,0,70,,26207,30,,,0,30,,26208,30,,,0,75,,26209,30,,,0,30,,26210,30,,,0,70,,26211,30,,,0,25,,26212,30,,,0,70,,26213,30,,,0,30,,26214,30,,,0,70,,26215,30,,,0,30,,26216,30,,,0,100,,26217,30,,,0,100,,26218,30,,,0,96,,26219,30,,,0,100,,26226,30,,,0
70801,'Week-end-01',625,,20854,30,,,0,100,,20870,30,,,0,34,,20855,30,,,0,100,,20856,30,,,0,91,,20857,30,,,0,100,,20858,30,,,0,100,,20859,30,,,0,100,,20860,30,,,0,100,,20861,30,,,0,100,,20862,30,,,0,100,,20863,30,,,0,100,,20864,30,,,0,100,,20865,30,,,0,100,,20866,30,,,0,100,,20867,30,,,0,100,,20868,30,,,0,100,,20869,30,,,0,80,,20852,30,,,0,118,,20853,30,,,0
