25001,'Fête-1-01',726,,24752,310,0,31 32,0,99,,24751,310,0,31 32,0,29,,24755,660,,,0,100,,24753,660,,,0,100,,24756,660,,,0,100,,24757,660,,,0,100,,24754,660,,,0,99,,24763,660,,,0,101,,24766,660,,,0,101,,24767,660,,,0,101,,24760,660,,,0,100,,24761,660,,,0,99,,24762,660,,,0,100,,24758,660,,,0,171,,24768,660,,,0,31,,24764,660,,,0
25001,'Fête-2-01',551,,24769,310,0,31 32,0,64,,24770,310,0,31 32,0,30,,24771,310,,,0,61,,24772,660,,,0,26,,24773,660,,,0,78,,24774,660,,,0,40,,24775,660,,,0,65,,24776,660,,,0,36,,24777,660,,,0,100,,24778,660,,,0,103,,24779,660,,,0,100,,24780,660,,,0,101,,24781,660,,,0,101,,24782,660,,,0,152,,24783,660,,,0,40,,24784,660,,,0,75,,24785,660,,,0,22,,24787,660,,,0,67,,24786,660,,,0,26,,24788,660,,,0,73,,24789,660,,,0,39,,24790,660,,,0,70,,24791,660,,,0,105,,24792,660,,,0,75,,24793,660,,,0
25001,'Semaine-01',551,,24796,310,,,0,64,,24797,310,,,0,30,,24798,310,,,0,61,,24799,660,,,0,26,,24800,660,,,0,78,,24801,660,,,0,40,,24802,660,,,0,65,,24803,660,,,0,36,,24804,660,,,0,100,,24805,660,,,0,103,,24806,660,,,0,100,,24807,660,,,0,101,,24808,660,,,0,101,,24809,660,,,0,152,,24810,660,,,0,40,,24811,660,,,0,75,,24812,660,,,0,22,,24814,660,,,0,67,,24813,660,,,0,26,,24815,660,,,0,73,,24816,660,,,0,39,,24817,660,,,0,70,,24818,660,,,0,105,,24819,660,,,0,75,,24820,660,,,0
25001,'Week-end-01',726,,19212,310,0,31 32,0,99,,19196,310,0,31 32,0,29,,19110,660,,,0,100,,19108,660,,,0,100,,19112,660,,,0,100,,19113,660,,,0,100,,19109,660,,,0,99,,19121,660,,,0,101,,19124,660,,,0,101,,19127,660,,,0,101,,19117,660,,,0,100,,19119,660,,,0,99,,19120,660,,,0,100,,19115,660,,,0,171,,19128,660,,,0,31,,19122,660,,,0
31700,'Fête-2-01',700,,25679,290,,,0,30,,25680,290,,,0,110,,25681,290,,,0,290,,25682,290,,,0,300,,25683,290,,,0
31700,'Semaine-01',700,,25684,290,,,0,30,,25685,290,,,0,110,,25686,290,,,0,290,,25687,290,,,0,300,,25688,290,,,0
31701,'Fête-2-01',1240,,25691,300,4,,0,270,,25696,300,4,,0,100,,25692,300,4,,0,130,,25693,300,4,,0,100,,25694,300,4,,0,475,,25695,300,4,,0
31701,'Semaine-01',1240,,25697,300,4,,0,270,,25702,300,4,,0,100,,25698,300,4,,0,130,,25699,300,4,,0,100,,25700,300,4,,0,475,,25701,300,4,,0
51401,'Fête-2-01',539,,25719,320,,,0,95,,25720,320,,,0,74,,25721,320,,,0
51401,'Semaine-01',539,,25722,320,,,0,95,,25723,320,,,0,74,,25724,320,,,0
