24100,'Fête-2-01',623,,24364,610,,,0,23,,24365,610,,,0,76,,24366,610,,,0,24,,24367,610,,,0,102,,24368,610,,,0,100,,24369,610,,,0,100,,24370,610,,,0,100,,24371,610,,,0,100,,24372,610,,,0,100,,24373,610,,,0,100,,24374,610,,,0,107,,24375,610,,,0,151,,24376,610,,,0,100,,24377,610,,,0,28,,24378,610,,,0,71,,24379,610,,,0,33,,24380,610,,,0,97,,24381,610,,,0,69,,24382,610,,,0,98,,24383,610,,,0,57,,24384,610,,,0,98,,24385,610,,,0
24100,'Semaine-01',623,,24386,610,,,0,23,,24387,610,,,0,76,,24388,610,,,0,24,,24389,610,,,0,75,,24390,610,,,0,27,,24391,610,,,0,74,,24392,610,,,0,26,,24393,610,,,0,100,,24394,610,,,0,100,,24395,610,,,0,100,,24396,610,,,0,100,,24397,610,,,0,100,,24398,610,,,0,88,,24400,240,,,0,19,,24399,610,,,0,81,,24401,610,,,0,70,,24402,610,,,0,30,,24403,610,,,0,70,,24404,610,,,0,28,,24405,610,,,0,71,,24406,610,,,0,33,,24407,610,,,0,67,,24408,610,,,0,30,,24409,610,,,0,69,,24410,610,,,0,98,,24411,610,,,0,57,,24412,610,,,0,98,,24413,610,,,0
24300,'Fête-2-01',617,,24473,350,0,31 32,0,22,,24474,350,0,31 32,0,83,,24475,600,,,0,22,,24476,600,,,0,87,,24477,600,,,0,18,,24478,600,,,0,85,,24479,600,,,0,14,,24480,600,,,0,106,,24481,600,,,0,100,,24482,600,,,0,100,,24483,600,,,0,100,,24484,600,,,0,100,,24485,600,,,0,156,,24486,600,,,0,40,,24487,600,,,0,72,,24488,600,,,0,84,,24489,600,,,0,30,,24490,600,,,0,78,,24491,600,,,0,32,,24492,600,,,0,72,,24493,600,,,0,84,,24494,600,,,0,100,,24495,600,,,0,100,,24496,600,,,0
24300,'Semaine-01',617,,24498,350,0,31 32,0,22,,24499,350,0,31 32,0,83,,24500,600,,,0,22,,24501,600,,,0,87,,24502,600,,,0,18,,24503,600,,,0,85,,24504,600,,,0,14,,24505,600,,,0,106,,24506,600,,,0,100,,24507,600,,,0,100,,24508,600,,,0,100,,24509,600,,,0,100,,24510,600,,,0,156,,24511,600,,,0,40,,24512,600,,,0,72,,24513,600,,,0,84,,24514,600,,,0,30,,24515,600,,,0,78,,24516,600,,,0,32,,24517,600,,,0,72,,24518,600,,,0,84,,24519,600,,,0,100,,24520,600,,,0,100,,24521,600,,,0
24601,'Fête-2-01',602,,24531,490,,,0,47,,24530,490,,,0,90,,24529,490,,,0,93,,24528,490,,,0,89,,24527,490,,,0,698,,24526,490,,,0,92,,24525,490,,,0,91,,24524,490,,,0,53,,24523,490,,,0,86,,24522,490,,,0
24601,'Semaine-01',602,,24541,490,,,0,47,,24540,490,,,0,89,,24539,490,,,0,93,,24538,490,,,0,89,,24537,490,,,0,699,,24536,490,,,0,92,,24535,490,,,0,93,,24534,490,,,0,52,,24533,490,,,0,87,,24532,490,,,0
24701,'Fête-1-01',755,,24583,490,,,0,170,,24584,490,,,0,130,,24585,490,,,0,170,,24586,490,,,0,130,,24587,490,,,0,170,,24588,490,,,0,130,,24589,490,,,0,170,,24590,490,,,0
24701,'Fête-2-01',554,,24595,490,,,0,70,,24596,490,,,0,122,,24597,490,,,0,60,,24598,490,,,0,40,,24599,490,,,0,108,,24600,490,,,0,172,,24601,490,,,0,130,,24602,490,,,0,170,,24603,490,,,0,182,,24604,490,,,0,24,,24605,490,,,0,116,,24591,490,,,0,69,,24606,490,,,0,184,,24592,490,,,0,130,,24593,490,,,0,170,,24594,490,,,0
24701,'Semaine-01',554,,24612,490,,,0,70,,24613,490,,,0,82,,24614,490,,,0,40,,24615,490,,,0,60,,24616,490,,,0,40,,24617,490,,,0,108,,24618,490,,,0,172,,24619,490,,,0,130,,24620,490,,,0,170,,24621,490,,,0,182,,24622,490,,,0,24,,24623,490,,,0,116,,24607,490,,,0,69,,24624,490,,,0,23,,24608,490,,,0,161,,24609,490,,,0,130,,24610,490,,,0,170,,24611,490,,,0
24701,'Week-end-01',755,,18888,490,,,0,170,,18889,490,,,0,130,,18890,490,,,0,170,,18891,490,,,0,130,,18892,490,,,0,170,,18893,490,,,0,130,,18894,490,,,0,170,,18895,490,,,0
24901,'Fête-1-01',756,,24699,610,,,0,168,,24700,610,,,0,130,,24701,610,,,0,170,,24702,610,,,0,130,,24703,610,,,0,170,,24704,610,,,0,130,,24705,610,,,0,170,,24706,610,,,0,130,,24707,610,,,0,170,,24708,610,,,0,130,,24709,610,,,0
24901,'Fête-2-01',623,,24710,610,,,0,23,,24711,610,,,0,78,,24712,610,,,0,98,,24713,610,,,0,24,,24714,610,,,0,100,,24715,610,,,0,95,,24716,610,,,0,100,,24717,610,,,0,100,,24718,610,,,0,100,,24719,610,,,0,100,,24720,610,,,0,161,,24721,610,,,0,54,,24722,610,,,0,79,,24723,610,,,0,72,,24724,610,,,0,52,,24725,610,,,0,98,,24726,610,,,0,101,,24727,610,,,0,143,,24728,610,,,0,57,,24729,610,,,0
24901,'Semaine-01',623,,24730,610,,,0,23,,24731,610,,,0,78,,24732,610,,,0,97,,24733,610,,,0,25,,24734,610,,,0,100,,24735,610,,,0,95,,24736,610,,,0,100,,24737,610,,,0,100,,24738,610,,,0,100,,24739,610,,,0,100,,24740,610,,,0,99,,24741,610,,,0,62,,24742,610,,,0,54,,24743,610,,,0,79,,24744,610,,,0,74,,24745,610,,,0,50,,24746,610,,,0,98,,24747,610,,,0,101,,24748,610,,,0,143,,24749,610,,,0,57,,24750,610,,,0
24901,'Week-end-01',756,,19032,610,,,0,168,,19033,610,,,0,130,,19034,610,,,0,170,,19035,610,,,0,130,,19036,610,,,0,170,,19037,610,,,0,130,,19038,610,,,0,170,,19039,610,,,0,130,,19040,610,,,0,170,,19041,610,,,0,130,,19042,610,,,0
25001,'Fête-1-01',753,,24752,570,0,31 32,0,100,,24751,570,0,31 32,0,69,,24755,920,,,0,100,,24753,920,,,0,101,,24756,920,,,0,99,,24757,920,,,0,100,,24754,920,,,0,99,,24763,920,,,0,101,,24766,920,,,0,102,,24767,920,,,0,101,,24760,920,,,0,99,,24761,920,,,0,99,,24762,920,,,0,100,,24758,920,,,0,130,,24768,920,,,0,70,,24764,920,,,0
25001,'Fête-2-01',622,,24769,570,0,31 32,0,24,,24770,570,0,31 32,0,74,,24771,570,,,0,21,,24772,920,,,0,66,,24773,920,,,0,39,,24774,920,,,0,79,,24775,920,,,0,23,,24776,920,,,0,73,,24777,920,,,0,100,,24778,920,,,0,103,,24779,920,,,0,100,,24780,920,,,0,101,,24781,920,,,0,101,,24782,920,,,0,112,,24783,920,,,0,82,,24784,920,,,0,36,,24785,920,,,0,62,,24787,920,,,0,27,,24786,920,,,0,66,,24788,920,,,0,31,,24789,920,,,0,79,,24790,920,,,0,30,,24791,920,,,0,106,,24792,920,,,0,75,,24793,920,,,0
25001,'Semaine-01',622,,24796,570,0,31 32,0,24,,24797,570,0,31 32,0,74,,24798,570,,,0,21,,24799,920,,,0,66,,24800,920,,,0,39,,24801,920,,,0,79,,24802,920,,,0,23,,24803,920,,,0,73,,24804,920,,,0,100,,24805,920,,,0,103,,24806,920,,,0,100,,24807,920,,,0,101,,24808,920,,,0,101,,24809,920,,,0,112,,24810,920,,,0,82,,24811,920,,,0,36,,24812,920,,,0,62,,24814,920,,,0,27,,24813,920,,,0,66,,24815,920,,,0,31,,24816,920,,,0,79,,24817,920,,,0,30,,24818,920,,,0,106,,24819,920,,,0,75,,24820,920,,,0
25001,'Week-end-01',753,,19212,570,0,31 32,0,100,,19196,570,0,31 32,0,69,,19110,920,,,0,100,,19108,920,,,0,101,,19112,920,,,0,99,,19113,920,,,0,100,,19109,920,,,0,99,,19121,920,,,0,101,,19124,920,,,0,102,,19127,920,,,0,101,,19117,920,,,0,99,,19119,920,,,0,99,,19120,920,,,0,100,,19115,920,,,0,130,,19128,920,,,0,70,,19122,920,,,0
25101,'Fête-1-01',754,,24823,320,0,31 32,0,93,,24838,660,,,0,100,,24836,660,,,0,100,,24839,660,,,0,100,,24835,660,,,0,100,,24834,660,,,0,100,,24837,660,,,0,100,,24830,660,,,0,100,,24833,660,,,0,100,,24829,660,,,0,100,,24831,660,,,0,100,,24827,660,,,0,99,,24832,660,,,0,100,,24824,660,,,0,100,,24825,660,,,0,100,,24826,660,,,0
25101,'Fête-2-01',944,,24841,660,,,0,100,,24840,660,,,0,100,,24848,660,,,0,100,,24845,660,,,0,100,,24847,660,,,0,100,,24843,660,,,0,615,,24846,660,,,0,97,,24844,660,,,0,98,,24842,660,,,0
25101,'Semaine-01',944,,24850,660,,,0,100,,24849,660,,,0,100,,24857,660,,,0,100,,24854,660,,,0,100,,24856,660,,,0,100,,24852,660,,,0,615,,24855,660,,,0,97,,24853,660,,,0,98,,24851,660,,,0
25101,'Week-end-01',754,,19252,320,0,31 32,0,93,,19267,660,,,0,100,,19265,660,,,0,100,,19268,660,,,0,100,,19264,660,,,0,100,,19263,660,,,0,100,,19266,660,,,0,100,,19259,660,,,0,100,,19262,660,,,0,100,,19258,660,,,0,100,,19260,660,,,0,100,,19256,660,,,0,99,,19261,660,,,0,100,,19253,660,,,0,100,,19254,660,,,0,100,,19255,660,,,0
25201,'Fête-2-01',625,,24866,290,,,0,78,,24858,290,,,0,36,,24872,290,,,0,76,,24870,290,,,0,33,,24867,290,,,0,679,,24868,290,,,0,79,,24864,290,,,0,30,,24861,290,,,0,71,,24863,290,,,0,31,,24869,290,,,0,69,,24859,290,,,0,29,,24871,290,,,0,70,,24865,290,,,0,29,,24862,290,,,0,71,,24860,290,,,0
25201,'Semaine-01',625,,24881,290,,,0,78,,24873,290,,,0,36,,24887,290,,,0,76,,24885,290,,,0,33,,24882,290,,,0,679,,24883,290,,,0,79,,24879,290,,,0,30,,24876,290,,,0,71,,24878,290,,,0,31,,24884,290,,,0,69,,24874,290,,,0,29,,24886,290,,,0,71,,24880,290,,,0,28,,24877,290,,,0,71,,24875,290,,,0
40501,'Semaine-01',1606,,25707,30,,,0,130,,25708,30,,,0
60001,'Fête-1-01',802,,25805,30,,,0,100,,25804,30,,,0,100,,25802,30,,,0,100,,25803,30,,,0,100,,25800,30,,,0,100,,25801,30,,,0,100,,25797,30,,,0,100,,25798,30,,,0,100,,25799,30,,,0,100,,25796,30,,,0,100,,25793,30,,,0,100,,25794,30,,,0,100,,25795,30,,,0,100,,25791,30,,,0,49,,25792,30,,,0,179,,25790,30,,,0
60001,'Fête-2-01',725,,25806,30,,,0,30,,25807,30,,,0,100,,25808,30,,,0,102,,25809,30,,,0,100,,25810,30,,,0,170,,25811,30,,,0,100,,25812,30,,,0,30,,25813,30,,,0,100,,25814,30,,,0,95,,25815,30,,,0,100,,25816,30,,,0,70,,25817,30,,,0,30,,25818,30,,,0,101,,25819,30,,,0,101,,25820,30,,,0,100,,25821,30,,,0,100,,25822,30,,,0,100,,25823,30,,,0,100,,25824,30,,,0
60001,'Semaine-01',658,,25829,30,,,0,67,,25830,30,,,0,30,,25831,30,,,0,100,,25832,30,,,0,102,,25833,30,,,0,100,,25834,30,,,0,100,,25835,30,,,0,70,,25836,30,,,0,100,,25837,30,,,0,30,,25838,30,,,0,70,,25839,30,,,0,30,,25840,30,,,0,65,,25841,30,,,0,30,,25842,30,,,0,70,,25843,30,,,0,30,,25844,30,,,0,70,,25845,30,,,0,30,,25846,30,,,0,71,,25847,30,,,0,30,,25848,30,,,0,101,,25849,30,,,0,100,,25850,30,,,0,100,,25851,30,,,0,100,,25852,30,,,0,100,,25853,30,,,0
60001,'Week-end-01',802,,20466,30,,,0,100,,20465,30,,,0,100,,20463,30,,,0,100,,20464,30,,,0,100,,20461,30,,,0,100,,20462,30,,,0,100,,20458,30,,,0,100,,20459,30,,,0,100,,20460,30,,,0,100,,20457,30,,,0,100,,20454,30,,,0,100,,20455,30,,,0,100,,20456,30,,,0,100,,20452,30,,,0,49,,20453,30,,,0,179,,20451,30,,,0
60501,'Semaine-01',1601,,25888,30,,,0,212,,25889,30,,,0
61000,'Fête-2-01',657,,25907,30,,,0,101,,25908,30,,,0,99,,25909,30,,,0,100,,25910,30,,,0,100,,25911,30,,,0,100,,25912,30,,,0,100,,25913,30,,,0,100,,25914,30,,,0,100,,25915,30,,,0,93,,25916,30,,,0,99,,25917,30,,,0,151,,25918,30,,,0,102,,25919,30,,,0,100,,25920,30,,,0,100,,25921,30,,,0,100,,25922,30,,,0
61000,'Semaine-01',657,,25925,30,,,0,69,,25926,30,,,0,32,,25927,30,,,0,74,,25928,30,,,0,25,,25929,30,,,0,100,,25930,30,,,0,100,,25931,30,,,0,100,,25932,30,,,0,100,,25933,30,,,0,100,,25934,30,,,0,100,,25935,30,,,0,93,,25936,30,,,0,64,,25937,30,,,0,35,,25938,30,,,0,71,,25939,30,,,0,80,,25940,30,,,0,31,,25941,30,,,0,71,,25942,30,,,0,100,,25943,30,,,0,100,,25944,30,,,0,100,,25945,30,,,0
70901,'Fête-1-01',625,,26382,500,,,0,30,,26383,500,,,0,70,,26384,500,,,0,30,,26385,500,,,0,70,,26386,500,,,0,15,,26387,500,,,0,71,,26388,500,,,0,30,,26389,500,,,0,70,,26390,500,,,0,31,,26391,500,,,0,71,,26392,500,,,0,30,,26393,500,,,0,70,,26394,500,,,0,30,,26395,500,,,0,70,,26396,500,,,0,30,,26397,500,,,0,70,,26398,500,,,0,30,,26399,500,,,0,70,,26400,500,,,0,30,,26401,500,,,0,70,,26402,500,,,0,30,,26403,500,,,0,70,,26404,500,,,0,30,,26405,500,,,0,70,,26406,500,,,0,30,,26407,500,,,0,70,,26408,500,,,0,30,,26409,500,,,0,70,,26410,500,,,0,30,,26411,500,,,0,70,,26412,500,,,0,30,,26413,500,,,0,70,,26414,500,,,0,31,,26415,500,,,0,70,,26416,500,,,0,30,,26417,500,,,0,111,,26418,500,,,0
70901,'Fête-2-01',456,,26422,500,,,0,70,,26464,500,,,0,20,,26420,500,,,0,10,,26419,500,,,0,63,,26421,500,,,0,20,,26423,500,,,0,20,,26424,500,,,0,67,,26425,500,,,0,12,,26426,500,,,0,21,,26427,500,,,0,50,,26428,500,,,0,10,,26429,500,,,0,20,,26430,500,,,0,10,,26431,500,,,0,54,,26432,500,,,0,13,,26434,500,,,0,15,,26470,500,,,0,15,,26433,500,,,0,70,,26435,500,,,0,15,,26436,500,,,0,22,,26437,530,,,0,71,,26438,530,,,0,15,,26439,530,,,0,15,,26440,530,,,0,55,,26441,530,,,0,15,,26473,530,,,0,15,,26442,530,,,0,15,,26474,530,,,0,70,,26443,530,,,0,15,,26444,530,,,0,15,,26445,530,,,0,70,,26465,530,,,0,30,,26466,530,,,0,70,,26467,530,,,0,16,,26468,530,,,0,16,,26469,530,,,0,89,,26447,530,,,0,55,,26446,530,,,0,28,,26448,530,,,0,15,,26449,530,,,0,62,,26450,530,,,0,14,,26471,530,,,0,13,,26472,530,,,0,14,,26451,530,,,0,59,,26452,530,,,0,14,,26453,530,,,0,15,,26454,530,,,0,22,,26455,500,,,0,70,,26456,500,,,0,15,,26457,500,,,0,68,,26458,500,,,0,30,,26459,500,,,0,69,,26460,500,,,0,44,,26461,500,,,0,99,,26462,500,,,0,108,,26463,500,,,0
70901,'Semaine-01',456,,26485,500,,,0,70,,26534,500,,,0,20,,26482,500,,,0,10,,26475,500,,,0,52,,26483,500,,,0,11,,26484,500,,,0,10,,26486,500,,,0,10,,26487,500,,,0,10,,26488,500,,,0,10,,26489,500,,,0,57,,26490,500,,,0,10,,26491,500,,,0,12,,26492,500,,,0,11,,26493,500,,,0,10,,26494,500,,,0,50,,26495,500,,,0,10,,26496,500,,,0,10,,26497,500,,,0,10,,26498,500,,,0,10,,26499,500,,,0,54,,26500,500,,,0,13,,26502,500,,,0,15,,26541,500,,,0,15,,26501,500,,,0,70,,26503,500,,,0,15,,26504,500,,,0,22,,26505,530,,,0,56,,26481,370,,,0,15,,26506,530,,,0,15,,26507,530,,,0,15,,26508,530,,,0,55,,26509,530,,,0,15,,26544,530,,,0,15,,26510,530,,,0,15,,26545,530,,,0,55,,26476,370,,,0,15,,26511,530,,,0,15,,26512,530,,,0,15,,26513,530,,,0,55,,26477,370,,,0,15,,26536,530,,,0,15,,26478,370,,,0,15,,26537,530,,,0,55,,26479,370,,,0,15,,26538,530,,,0,16,,26539,530,,,0,16,,26540,530,,,0,57,,26480,370,,,0,17,,26535,530,,,0,15,,26515,530,,,0,55,,26514,530,,,0,15,,26516,530,,,0,13,,26517,530,,,0,15,,26518,530,,,0,8,,26519,530,,,0,54,,26520,530,,,0,14,,26542,530,,,0,13,,26543,530,,,0,14,,26521,530,,,0,59,,26522,530,,,0,14,,26523,530,,,0,15,,26524,530,,,0,22,,26525,500,,,0,70,,26526,500,,,0,15,,26527,500,,,0,68,,26528,500,,,0,30,,26529,500,,,0,69,,26530,500,,,0,44,,26531,500,,,0,99,,26532,500,,,0,108,,26533,500,,,0
70901,'Week-end-01',625,,21198,500,,,0,30,,21199,500,,,0,70,,21200,500,,,0,30,,21201,500,,,0,70,,21202,500,,,0,15,,21203,500,,,0,71,,21204,500,,,0,30,,21205,500,,,0,70,,21206,500,,,0,31,,21207,500,,,0,71,,21208,500,,,0,30,,21209,500,,,0,70,,21210,500,,,0,30,,21211,500,,,0,70,,21212,500,,,0,30,,21213,500,,,0,70,,21214,500,,,0,30,,21215,500,,,0,70,,21216,500,,,0,30,,21217,500,,,0,70,,21218,500,,,0,30,,21219,500,,,0,70,,21220,500,,,0,30,,21221,500,,,0,70,,21222,500,,,0,30,,21223,500,,,0,70,,21224,500,,,0,30,,21225,500,,,0,70,,21226,500,,,0,30,,21227,500,,,0,70,,21228,500,,,0,30,,21229,500,,,0,70,,21230,500,,,0,31,,21231,500,,,0,70,,21232,500,,,0,30,,21233,500,,,0,111,,21234,500,,,0
