25001,'Fête-1-01',723,,24752,280,0,31 32,0,99,,24751,280,0,31 32,0,29,,24755,630,,,0,100,,24753,630,,,0,100,,24756,630,,,0,100,,24757,630,,,0,100,,24754,630,,,0,99,,24763,630,,,0,101,,24766,630,,,0,101,,24767,630,,,0,101,,24760,630,,,0,100,,24761,630,,,0,99,,24762,630,,,0,100,,24758,630,,,0,171,,24768,630,,,0,31,,24764,630,,,0
25001,'Fête-2-01',548,,24769,280,0,31 32,0,64,,24770,280,0,31 32,0,29,,24771,280,,,0,61,,24772,630,,,0,26,,24773,630,,,0,78,,24774,630,,,0,40,,24775,630,,,0,65,,24776,630,,,0,37,,24777,630,,,0,100,,24778,630,,,0,103,,24779,630,,,0,100,,24780,630,,,0,101,,24781,630,,,0,101,,24782,630,,,0,152,,24783,630,,,0,40,,24784,630,,,0,75,,24785,630,,,0,22,,24787,630,,,0,67,,24786,630,,,0,26,,24788,630,,,0,73,,24789,630,,,0,39,,24790,630,,,0,70,,24791,630,,,0,105,,24792,630,,,0,35,,24793,630,,,0
25001,'Semaine-01',548,,24796,280,0,31 32,0,64,,24797,280,0,31 32,0,29,,24798,280,,,0,61,,24799,630,,,0,26,,24800,630,,,0,78,,24801,630,,,0,40,,24802,630,,,0,65,,24803,630,,,0,37,,24804,630,,,0,100,,24805,630,,,0,103,,24806,630,,,0,100,,24807,630,,,0,101,,24808,630,,,0,101,,24809,630,,,0,152,,24810,630,,,0,40,,24811,630,,,0,75,,24812,630,,,0,22,,24814,630,,,0,67,,24813,630,,,0,26,,24815,630,,,0,73,,24816,630,,,0,39,,24817,630,,,0,70,,24818,630,,,0,105,,24819,630,,,0,35,,24820,630,,,0
25001,'Week-end-01',723,,19212,280,0,31 32,0,99,,19196,280,0,31 32,0,29,,19110,630,,,0,100,,19108,630,,,0,100,,19112,630,,,0,100,,19113,630,,,0,100,,19109,630,,,0,99,,19121,630,,,0,101,,19124,630,,,0,101,,19127,630,,,0,101,,19117,630,,,0,100,,19119,630,,,0,99,,19120,630,,,0,100,,19115,630,,,0,171,,19128,630,,,0,31,,19122,630,,,0
31700,'Fête-2-01',658,,25679,250,,,0,70,,25680,250,,,0,110,,25681,250,,,0,290,,25682,250,,,0,300,,25683,250,,,0
31700,'Semaine-01',658,,25684,250,,,0,70,,25685,250,,,0,110,,25686,250,,,0,290,,25687,250,,,0,300,,25688,250,,,0
31701,'Fête-2-01',1237,,25691,260,,,0,270,,25696,260,,,0,100,,25692,260,,,0,130,,25693,260,,,0,100,,25694,260,,,0,475,,25695,260,,,0
31701,'Semaine-01',1237,,25697,260,,,0,270,,25702,260,,,0,100,,25698,260,,,0,130,,25699,260,,,0,100,,25700,260,,,0,475,,25701,260,,,0
51401,'Fête-2-01',536,,25719,290,,,0,95,,25720,290,,,0,74,,25721,290,,,0
51401,'Semaine-01',536,,25722,290,,,0,95,,25723,290,,,0,74,,25724,290,,,0
