50900,'Semaine-01',705,,25709,10,,,0
50901,'Semaine-01',1753,,25710,80,4,,0
70900,'Fête-1-01',618,,26228,10,,,0,25,,26229,10,,,0,15,,26230,10,,,0,70,,26231,10,,,0,30,,26232,10,,,0,70,,26233,10,,,0,30,,26234,10,,,0,70,,26235,10,,,0,29,,26236,10,,,0,70,,26237,10,,,0,30,,26238,10,,,0,70,,26239,10,,,0,30,,26240,10,,,0,70,,26241,10,,,0,30,,26242,10,,,0,70,,26243,10,,,0,30,,26244,10,,,0,70,,26245,10,,,0,30,,26246,10,,,0,70,,26247,10,,,0,30,,26248,10,,,0,70,,26249,10,,,0,30,,26250,10,,,0,70,,26251,10,,,0,30,,26252,10,,,0,70,,26253,10,,,0,30,,26254,10,,,0,70,,26255,10,,,0,30,,26256,10,,,0,70,,26257,10,,,0,30,,26258,10,,,0,70,,26259,10,,,0,30,,26260,10,,,0,60,,26261,10,,,0,30,,26262,10,,,0,70,,26263,10,,,0,30,,26264,10,,,0,70,,26265,10,,,0,109,,26266,10,,,0
70900,'Fête-2-01',530,,26268,10,0,11 12 13,0,78,,26269,10,0,11 12 13,0,20,,26270,10,0,11 12 13,0,7,,26271,10,0,11 12 13,0,78,,26272,10,0,11 12 13,0,19,,26273,10,0,11 12 13,0,25,,26274,10,0,11 12 13,0,68,,26275,10,0,11 12 13,0,34,,26276,10,0,11 12 13,0,65,,26314,10,0,11 12 13,0,28,,26277,10,0,11 12 13,0,55,,26278,10,0,11 12 13,0,29,,26279,10,0,11 12 13,0,15,,26280,10,0,11 12 13,0,55,,26281,10,0,11 12 13,0,23,,26282,10,0,11 12 13,0,30,,26283,10,0,11 12 13,0,55,,26310,10,0,11 12 13,0,15,,26313,10,0,11 12 13,0,15,,26312,10,0,11 12 13,0,70,,26311,10,0,11 12 13,0,45,,26309,10,0,11 12 13,0,55,,26284,10,0,11 12 13,0,15,,26285,10,0,11 12 13,0,78,,26286,10,,,0,26,,26287,10,,,0,18,,26307,10,,,0,55,,26308,10,,,0,11,,26301,10,,,0,16,,26306,10,,,0,13,,26302,10,,,0,54,,26303,10,,,0,10,,26304,10,,,0,13,,26305,10,,,0,15,,26300,10,,,0,70,,26288,10,,,0,16,,26289,10,,,0,16,,26290,10,,,0,13,,26291,10,,,0,67,,26299,10,,,0,19,,26292,10,,,0,69,,26293,10,,,0,22,,26316,10,,,0,70,,26294,10,,,0,15,,26295,10,,,0,97,,26296,10,,,0,29,,26297,10,,,0,84,,26315,10,,,0,99,,26298,10,,,0,108,,26267,10,,,0
70900,'Semaine-01',530,,26322,10,0,11 12 13,0,12,,26380,10,0,11 12 13,0,66,,26323,10,0,11 12 13,0,10,,26324,10,0,11 12 13,0,10,,26325,10,0,11 12 13,0,7,,26326,10,0,11 12 13,0,19,,26327,10,0,11 12 13,0,59,,26328,10,0,11 12 13,0,10,,26329,10,0,11 12 13,0,9,,26330,10,0,11 12 13,0,13,,26331,10,0,11 12 13,0,12,,26332,10,0,11 12 13,0,57,,26333,10,0,11 12 13,0,11,,26334,10,0,11 12 13,0,19,,26378,10,0,11 12 13,0,15,,26335,10,0,11 12 13,0,65,,26377,10,0,11 12 13,0,15,,26336,10,0,11 12 13,0,13,,26337,10,0,11 12 13,0,55,,26338,10,0,11 12 13,0,29,,26339,10,0,11 12 13,0,15,,26340,10,0,11 12 13,0,55,,26341,10,0,11 12 13,0,23,,26342,10,0,11 12 13,0,15,,26317,10,0,68,0,15,,26343,10,0,11 12 13,0,55,,26373,10,0,11 12 13,0,15,,26376,10,0,11 12 13,0,15,,26375,10,0,11 12 13,0,15,,26318,10,0,68,0,55,,26374,10,0,11 12 13,0,30,,26319,10,0,68,0,15,,26372,10,0,11 12 13,0,55,,26344,10,0,11 12 13,0,15,,26345,10,0,11 12 13,0,20,,26320,10,0,68,0,58,,26346,10,,,0,13,,26347,10,,,0,13,,26348,10,,,0,18,,26370,10,,,0,55,,26371,10,,,0,11,,26364,10,,,0,16,,26369,10,,,0,13,,26365,10,,,0,54,,26366,10,,,0,10,,26367,10,,,0,13,,26368,10,,,0,15,,26363,10,,,0,15,,26349,10,,,0,55,,26350,10,,,0,16,,26351,10,,,0,16,,26352,10,,,0,13,,26353,10,,,0,67,,26362,10,,,0,19,,26354,10,,,0,69,,26355,10,,,0,22,,26381,10,,,0,70,,26356,10,,,0,15,,26357,10,,,0,27,,26358,10,,,0,70,,26359,10,,,0,29,,26360,10,,,0,84,,26379,10,,,0,99,,26361,10,,,0,108,,26321,10,,,0
70900,'Week-end-01',618,,21010,10,,,0,25,,21011,10,,,0,15,,21012,10,,,0,70,,21013,10,,,0,30,,21014,10,,,0,70,,21015,10,,,0,30,,21016,10,,,0,70,,21017,10,,,0,29,,21018,10,,,0,70,,21019,10,,,0,30,,21020,10,,,0,70,,21021,10,,,0,30,,21022,10,,,0,70,,21023,10,,,0,30,,21024,10,,,0,70,,21025,10,,,0,30,,21026,10,,,0,70,,21027,10,,,0,30,,21028,10,,,0,70,,21029,10,,,0,30,,21030,10,,,0,70,,21031,10,,,0,30,,21032,10,,,0,70,,21033,10,,,0,30,,21034,10,,,0,70,,21035,10,,,0,30,,21036,10,,,0,70,,21037,10,,,0,30,,21038,10,,,0,70,,21039,10,,,0,30,,21040,10,,,0,70,,21041,10,,,0,30,,21042,10,,,0,60,,21043,10,,,0,30,,21044,10,,,0,70,,21045,10,,,0,30,,21046,10,,,0,70,,21047,10,,,0,109,,21048,10,,,0
70901,'Fête-1-01',646,,26382,620,4,,0,70,,26383,620,4,,0,30,,26384,620,4,,0,70,,26385,620,4,,0,30,,26386,620,4,,0,57,,26387,620,4,,0,31,,26388,620,4,,0,70,,26389,620,4,,0,30,,26390,620,4,,0,72,,26391,620,4,,0,31,,26392,620,4,,0,70,,26393,620,4,,0,30,,26394,620,4,,0,70,,26395,620,4,,0,30,,26396,620,4,,0,70,,26397,620,4,,0,30,,26398,620,4,,0,70,,26399,620,4,,0,31,,26400,620,4,,0,70,,26401,620,4,,0,29,,26402,620,4,,0,70,,26403,620,4,,0,30,,26404,620,4,,0,70,,26405,620,4,,0,30,,26406,620,4,,0,70,,26407,620,4,,0,30,,26408,620,4,,0,70,,26409,620,4,,0,30,,26410,620,4,,0,70,,26411,620,4,,0,30,,26412,620,4,,0,70,,26413,620,4,,0,30,,26414,620,4,,0,70,,26415,620,4,,0,30,,26416,620,4,,0,70,,26417,620,4,,0,111,,26418,620,4,,0
70901,'Fête-2-01',520,,26422,620,4,,0,30,,26464,620,4,,0,61,,26420,620,4,,0,14,,26419,620,4,,0,30,,26421,620,4,,0,65,,26423,620,4,,0,25,,26424,620,4,,0,68,,26425,620,4,,0,11,,26426,620,4,,0,16,,26427,620,4,,0,7,,26428,620,4,,0,7,,26429,620,4,,0,52,,26430,620,4,,0,9,,26431,620,4,,0,14,,26432,620,4,,0,13,,26434,620,4,,0,15,,26470,620,4,,0,54,,26433,620,4,,0,30,,26435,620,4,,0,15,,26436,620,4,,0,62,,26437,650,4,,0,31,,26438,650,4,,0,55,,26439,650,4,,0,15,,26440,650,4,,0,15,,26441,650,4,,0,15,,26473,650,4,,0,55,,26442,650,4,,0,15,,26474,650,4,,0,30,,26443,650,4,,0,55,,26444,650,4,,0,15,,26445,650,4,,0,30,,26465,650,4,,0,70,,26466,650,4,,0,30,,26467,650,4,,0,56,,26468,650,4,,0,16,,26469,650,4,,0,90,,26447,650,4,,0,15,,26446,650,4,,0,28,,26448,650,4,,0,55,,26449,650,4,,0,22,,26450,650,4,,0,12,,26471,650,4,,0,13,,26472,650,4,,0,54,,26451,650,4,,0,19,,26452,650,4,,0,14,,26453,650,4,,0,15,,26454,650,4,,0,62,,26455,620,4,,0,30,,26456,620,4,,0,55,,26457,620,4,,0,27,,26458,620,4,,0,70,,26459,620,4,,0,29,,26460,620,4,,0,84,,26461,620,4,,0,99,,26462,620,4,,0,108,,26463,620,4,,0
70901,'Semaine-01',520,,26485,620,4,,0,30,,26534,620,4,,0,61,,26482,620,4,,0,14,,26475,620,4,,0,19,,26483,620,4,,0,11,,26484,620,4,,0,52,,26486,620,4,,0,13,,26487,620,4,,0,13,,26488,620,4,,0,12,,26489,620,4,,0,57,,26490,620,4,,0,11,,26491,620,4,,0,11,,26492,620,4,,0,8,,26493,620,4,,0,8,,26494,620,4,,0,7,,26495,620,4,,0,7,,26496,620,4,,0,46,,26497,620,4,,0,6,,26498,620,4,,0,9,,26499,620,4,,0,14,,26500,620,4,,0,13,,26502,620,4,,0,15,,26541,620,4,,0,54,,26501,620,4,,0,30,,26503,620,4,,0,15,,26504,620,4,,0,62,,26505,650,4,,0,16,,26481,490,4,,0,15,,26506,650,4,,0,55,,26507,650,4,,0,15,,26508,650,4,,0,15,,26509,650,4,,0,15,,26544,650,4,,0,55,,26510,650,4,,0,15,,26545,650,4,,0,15,,26476,490,4,,0,15,,26511,650,4,,0,55,,26512,650,4,,0,15,,26513,650,4,,0,15,,26477,490,4,,0,15,,26536,650,4,,0,55,,26478,490,4,,0,15,,26537,650,4,,0,15,,26479,490,4,,0,15,,26538,650,4,,0,56,,26539,650,4,,0,16,,26540,650,4,,0,18,,26480,490,4,,0,17,,26535,650,4,,0,55,,26515,650,4,,0,15,,26514,650,4,,0,15,,26516,650,4,,0,13,,26517,650,4,,0,55,,26518,650,4,,0,8,,26519,650,4,,0,14,,26520,650,4,,0,12,,26542,650,4,,0,13,,26543,650,4,,0,54,,26521,650,4,,0,19,,26522,650,4,,0,14,,26523,650,4,,0,15,,26524,650,4,,0,62,,26525,620,4,,0,30,,26526,620,4,,0,55,,26527,620,4,,0,27,,26528,620,4,,0,70,,26529,620,4,,0,29,,26530,620,4,,0,84,,26531,620,4,,0,99,,26532,620,4,,0,108,,26533,620,4,,0
70901,'Week-end-01',646,,21198,620,4,,0,70,,21199,620,4,,0,30,,21200,620,4,,0,70,,21201,620,4,,0,30,,21202,620,4,,0,57,,21203,620,4,,0,31,,21204,620,4,,0,70,,21205,620,4,,0,30,,21206,620,4,,0,72,,21207,620,4,,0,31,,21208,620,4,,0,70,,21209,620,4,,0,30,,21210,620,4,,0,70,,21211,620,4,,0,30,,21212,620,4,,0,70,,21213,620,4,,0,30,,21214,620,4,,0,70,,21215,620,4,,0,31,,21216,620,4,,0,70,,21217,620,4,,0,29,,21218,620,4,,0,70,,21219,620,4,,0,30,,21220,620,4,,0,70,,21221,620,4,,0,30,,21222,620,4,,0,70,,21223,620,4,,0,30,,21224,620,4,,0,70,,21225,620,4,,0,30,,21226,620,4,,0,70,,21227,620,4,,0,30,,21228,620,4,,0,70,,21229,620,4,,0,30,,21230,620,4,,0,70,,21231,620,4,,0,30,,21232,620,4,,0,70,,21233,620,4,,0,111,,21234,620,4,,0
