24601,'Fête-2-01',558,,24531,440,,,0,87,,24530,440,,,0,90,,24529,440,,,0,93,,24528,440,,,0,89,,24527,440,,,0,698,,24526,440,,,0,92,,24525,440,,,0,51,,24524,440,,,0,93,,24523,440,,,0,86,,24522,440,,,0
24601,'Semaine-01',558,,24541,440,,,0,87,,24540,440,,,0,89,,24539,440,,,0,93,,24538,440,,,0,89,,24537,440,,,0,699,,24536,440,,,0,92,,24535,440,,,0,93,,24534,440,,,0,52,,24533,440,,,0,87,,24532,440,,,0
25001,'Fête-1-01',751,,24752,520,0,31 32,0,100,,24751,520,0,31 32,0,69,,24755,870,,,0,100,,24753,870,,,0,101,,24756,870,,,0,99,,24757,870,,,0,100,,24754,870,,,0,99,,24763,870,,,0,101,,24766,870,,,0,102,,24767,870,,,0,101,,24760,870,,,0,99,,24761,870,,,0,99,,24762,870,,,0,100,,24758,870,,,0,130,,24768,870,,,0,70,,24764,870,,,0
25001,'Fête-2-01',620,,24769,520,0,31 32,0,24,,24770,520,0,31 32,0,73,,24771,520,,,0,21,,24772,870,,,0,66,,24773,870,,,0,39,,24774,870,,,0,79,,24775,870,,,0,23,,24776,870,,,0,73,,24777,870,,,0,100,,24778,870,,,0,103,,24779,870,,,0,100,,24780,870,,,0,101,,24781,870,,,0,101,,24782,870,,,0,112,,24783,870,,,0,82,,24784,870,,,0,36,,24785,870,,,0,62,,24787,870,,,0,27,,24786,870,,,0,66,,24788,870,,,0,31,,24789,870,,,0,79,,24790,870,,,0,30,,24791,870,,,0,106,,24792,870,,,0,75,,24793,870,,,0
25001,'Semaine-01',620,,24796,520,,,0,24,,24797,520,,,0,73,,24798,520,,,0,21,,24799,870,,,0,66,,24800,870,,,0,39,,24801,870,,,0,79,,24802,870,,,0,23,,24803,870,,,0,73,,24804,870,,,0,100,,24805,870,,,0,103,,24806,870,,,0,100,,24807,870,,,0,101,,24808,870,,,0,101,,24809,870,,,0,112,,24810,870,,,0,82,,24811,870,,,0,36,,24812,870,,,0,62,,24814,870,,,0,27,,24813,870,,,0,66,,24815,870,,,0,31,,24816,870,,,0,79,,24817,870,,,0,30,,24818,870,,,0,106,,24819,870,,,0,75,,24820,870,,,0
25001,'Week-end-01',751,,19212,520,0,31 32,0,100,,19196,520,0,31 32,0,69,,19110,870,,,0,100,,19108,870,,,0,101,,19112,870,,,0,99,,19113,870,,,0,100,,19109,870,,,0,99,,19121,870,,,0,101,,19124,870,,,0,102,,19127,870,,,0,101,,19117,870,,,0,99,,19119,870,,,0,99,,19120,870,,,0,100,,19115,870,,,0,130,,19128,870,,,0,70,,19122,870,,,0
25101,'Fête-1-01',739,,24823,60,0,31 32,0,93,,24838,400,,,0,100,,24836,400,,,0,100,,24839,400,,,0,100,,24835,400,,,0,100,,24834,400,,,0,100,,24837,400,,,0,100,,24830,400,,,0,100,,24833,400,,,0,100,,24829,400,,,0,100,,24831,400,,,0,100,,24827,400,,,0,99,,24832,400,,,0,100,,24824,400,,,0,100,,24825,400,,,0,100,,24826,400,,,0
25101,'Fête-2-01',928,,24841,400,,,0,100,,24840,400,,,0,100,,24848,400,,,0,100,,24845,400,,,0,100,,24847,400,,,0,100,,24843,400,,,0,615,,24846,400,,,0,97,,24844,400,,,0,98,,24842,400,,,0
25101,'Semaine-01',928,,24850,400,,,0,100,,24849,400,,,0,100,,24857,400,,,0,100,,24854,400,,,0,100,,24856,400,,,0,100,,24852,400,,,0,615,,24855,400,,,0,97,,24853,400,,,0,98,,24851,400,,,0
25101,'Week-end-01',739,,19252,60,0,31 32,0,93,,19267,400,,,0,100,,19265,400,,,0,100,,19268,400,,,0,100,,19264,400,,,0,100,,19263,400,,,0,100,,19266,400,,,0,100,,19259,400,,,0,100,,19262,400,,,0,100,,19258,400,,,0,100,,19260,400,,,0,100,,19256,400,,,0,99,,19261,400,,,0,100,,19253,400,,,0,100,,19254,400,,,0,100,,19255,400,,,0
70901,'Fête-1-01',623,,26382,450,,,0,30,,26383,450,,,0,70,,26384,450,,,0,30,,26385,450,,,0,70,,26386,450,,,0,15,,26387,450,,,0,71,,26388,450,,,0,30,,26389,450,,,0,70,,26390,450,,,0,31,,26391,450,,,0,71,,26392,450,,,0,30,,26393,450,,,0,70,,26394,450,,,0,30,,26395,450,,,0,70,,26396,450,,,0,30,,26397,450,,,0,70,,26398,450,,,0,30,,26399,450,,,0,70,,26400,450,,,0,30,,26401,450,,,0,70,,26402,450,,,0,30,,26403,450,,,0,70,,26404,450,,,0,30,,26405,450,,,0,70,,26406,450,,,0,30,,26407,450,,,0,70,,26408,450,,,0,30,,26409,450,,,0,70,,26410,450,,,0,30,,26411,450,,,0,70,,26412,450,,,0,30,,26413,450,,,0,70,,26414,450,,,0,31,,26415,450,,,0,70,,26416,450,,,0,30,,26417,450,,,0,111,,26418,450,,,0
70901,'Fête-2-01',454,,26422,450,,,0,70,,26464,450,,,0,20,,26420,450,,,0,10,,26419,450,,,0,63,,26421,450,,,0,20,,26423,450,,,0,20,,26424,450,,,0,67,,26425,450,,,0,12,,26426,450,,,0,21,,26427,450,,,0,50,,26428,450,,,0,10,,26429,450,,,0,20,,26430,450,,,0,10,,26431,450,,,0,54,,26432,450,,,0,13,,26434,450,,,0,15,,26470,450,,,0,15,,26433,450,,,0,70,,26435,450,,,0,15,,26436,450,,,0,22,,26437,480,,,0,70,,26438,480,,,0,15,,26439,480,,,0,15,,26440,480,,,0,55,,26441,480,,,0,15,,26473,480,,,0,15,,26442,480,,,0,15,,26474,480,,,0,70,,26443,480,,,0,15,,26444,480,,,0,15,,26445,480,,,0,70,,26465,480,,,0,30,,26466,480,,,0,70,,26467,480,,,0,16,,26468,480,,,0,16,,26469,480,,,0,89,,26447,480,,,0,15,,26446,480,,,0,68,,26448,480,,,0,15,,26449,480,,,0,63,,26450,480,,,0,14,,26471,480,,,0,13,,26472,480,,,0,14,,26451,480,,,0,59,,26452,480,,,0,14,,26453,480,,,0,15,,26454,480,,,0,22,,26455,450,,,0,70,,26456,450,,,0,15,,26457,450,,,0,68,,26458,450,,,0,30,,26459,450,,,0,69,,26460,450,,,0,44,,26461,450,,,0,100,,26462,450,,,0,108,,26463,450,,,0
70901,'Semaine-01',454,,26485,450,,,0,70,,26534,450,,,0,20,,26482,450,,,0,10,,26475,450,,,0,52,,26483,450,,,0,11,,26484,450,,,0,10,,26486,450,,,0,10,,26487,450,,,0,10,,26488,450,,,0,10,,26489,450,,,0,57,,26490,450,,,0,10,,26491,450,,,0,12,,26492,450,,,0,11,,26493,450,,,0,10,,26494,450,,,0,50,,26495,450,,,0,10,,26496,450,,,0,10,,26497,450,,,0,10,,26498,450,,,0,10,,26499,450,,,0,54,,26500,450,,,0,13,,26502,450,,,0,15,,26541,450,,,0,15,,26501,450,,,0,70,,26503,450,,,0,15,,26504,450,,,0,22,,26505,480,,,0,55,,26481,320,,,0,15,,26506,480,,,0,15,,26507,480,,,0,15,,26508,480,,,0,55,,26509,480,,,0,15,,26544,480,,,0,15,,26510,480,,,0,15,,26545,480,,,0,55,,26476,320,,,0,15,,26511,480,,,0,15,,26512,480,,,0,15,,26513,480,,,0,55,,26477,320,,,0,15,,26536,480,,,0,15,,26478,320,,,0,15,,26537,480,,,0,55,,26479,320,,,0,15,,26538,480,,,0,16,,26539,480,,,0,16,,26540,480,,,0,57,,26480,320,,,0,17,,26535,480,,,0,15,,26515,480,,,0,15,,26514,480,,,0,55,,26516,480,,,0,13,,26517,480,,,0,15,,26518,480,,,0,9,,26519,480,,,0,54,,26520,480,,,0,14,,26542,480,,,0,13,,26543,480,,,0,14,,26521,480,,,0,59,,26522,480,,,0,14,,26523,480,,,0,15,,26524,480,,,0,22,,26525,450,,,0,70,,26526,450,,,0,15,,26527,450,,,0,68,,26528,450,,,0,30,,26529,450,,,0,69,,26530,450,,,0,44,,26531,450,,,0,100,,26532,450,,,0,108,,26533,450,,,0
70901,'Week-end-01',623,,21198,450,,,0,30,,21199,450,,,0,70,,21200,450,,,0,30,,21201,450,,,0,70,,21202,450,,,0,15,,21203,450,,,0,71,,21204,450,,,0,30,,21205,450,,,0,70,,21206,450,,,0,31,,21207,450,,,0,71,,21208,450,,,0,30,,21209,450,,,0,70,,21210,450,,,0,30,,21211,450,,,0,70,,21212,450,,,0,30,,21213,450,,,0,70,,21214,450,,,0,30,,21215,450,,,0,70,,21216,450,,,0,30,,21217,450,,,0,70,,21218,450,,,0,30,,21219,450,,,0,70,,21220,450,,,0,30,,21221,450,,,0,70,,21222,450,,,0,30,,21223,450,,,0,70,,21224,450,,,0,30,,21225,450,,,0,70,,21226,450,,,0,30,,21227,450,,,0,70,,21228,450,,,0,30,,21229,450,,,0,70,,21230,450,,,0,31,,21231,450,,,0,70,,21232,450,,,0,30,,21233,450,,,0,111,,21234,450,,,0
