24601,'Fête-2-01',537,,24531,170,,,0,86,,24530,170,,,0,89,,24529,170,,,0,94,,24528,170,,,0,51,,24527,170,,,0,697,,24526,170,,,0,93,,24525,170,,,0,91,,24524,170,,,0,92,,24523,170,,,0,87,,24522,170,,,0
24601,'Semaine-01',537,,24541,170,,,0,86,,24540,170,,,0,88,,24539,170,,,0,94,,24538,170,,,0,51,,24537,170,,,0,698,,24536,170,,,0,93,,24535,170,,,0,93,,24534,170,,,0,91,,24533,170,,,0,88,,24532,170,,,0
24700,'Fête-1-01',814,,24547,120,,,0,130,,24542,120,,,0,170,,24544,120,,,0,130,,24548,120,,,0,170,,24549,120,,,0,130,,24545,120,,,0,170,,24543,120,,,0,130,,24546,120,,,0
24700,'Fête-2-01',644,,24555,120,,,0,82,,24556,120,,,0,103,,24557,120,,,0,185,,24563,120,,,0,130,,24564,120,,,0,170,,24561,120,,,0,130,,24562,120,,,0,71,,24550,120,,,0,113,,24551,120,,,0,92,,24552,120,,,0,117,,24553,120,,,0,22,,24554,120,,,0,160,,24558,120,,,0,130,,24559,120,,,0,170,,24560,120,,,0
24700,'Semaine-01',644,,24573,120,,,0,82,,24574,120,,,0,103,,24575,120,,,0,185,,24581,120,,,0,130,,24582,120,,,0,170,,24579,120,,,0,130,,24580,120,,,0,71,,24565,120,,,0,113,,24566,120,,,0,28,,24567,120,,,0,64,,24568,120,,,0,87,,24569,120,,,0,30,,24570,120,,,0,22,,24571,120,,,0,145,,24572,120,,,0,15,,24576,120,,,0,130,,24577,120,,,0,170,,24578,120,,,0
24700,'Week-end-01',814,,18844,120,,,0,130,,18838,120,,,0,170,,18840,120,,,0,130,,18845,120,,,0,170,,18846,120,,,0,130,,18841,120,,,0,170,,18839,120,,,0,130,,18842,120,,,0
24900,'Fête-1-01',813,,24647,150,0,5,0,130,,24648,150,0,5,0,170,,24657,150,0,5,0,130,,24649,150,0,5,0,170,,24650,150,0,5,0,130,,24651,150,0,5,0,170,,24652,150,0,5,0,130,,24653,150,0,5,0,170,,24654,150,0,5,0,130,,24655,150,0,5,0,170,,24656,150,0,5,0
24900,'Fête-2-01',642,,24659,150,,,0,68,,24660,150,,,0,35,,24661,150,,,0,96,,24662,150,,,0,174,,24663,150,,,0,100,,24664,150,,,0,101,,24665,150,,,0,100,,24666,150,,,0,100,,24667,150,,,0,107,,24668,150,,,0,79,,24669,150,,,0,29,,24670,150,,,0,93,,24671,150,,,0,32,,24672,150,,,0,73,,24673,150,,,0,91,,24674,150,,,0,99,,24675,150,,,0,100,,24676,150,,,0,100,,24677,150,,,0,100,,24658,150,,,0
24900,'Semaine-01',645,,24679,150,,,0,65,,24680,150,,,0,35,,24681,150,,,0,96,,24682,150,,,0,69,,24683,150,,,0,105,,24684,150,,,0,100,,24685,150,,,0,101,,24686,150,,,0,100,,24687,150,,,0,100,,24688,150,,,0,107,,24689,150,,,0,79,,24690,150,,,0,29,,24691,150,,,0,93,,24692,150,,,0,32,,24693,150,,,0,73,,24694,150,,,0,91,,24695,150,,,0,99,,24696,150,,,0,100,,24697,150,,,0,100,,24698,150,,,0,100,,24678,150,,,0
24900,'Week-end-01',813,,18970,150,0,5,0,130,,18971,150,0,5,0,170,,18980,150,0,5,0,130,,18972,150,0,5,0,170,,18973,150,0,5,0,130,,18974,150,0,5,0,170,,18975,150,0,5,0,130,,18976,150,0,5,0,170,,18977,150,0,5,0,130,,18978,150,0,5,0,170,,18979,150,0,5,0
