25001,'Fête-1-01',714,,24752,80,0,31 32,0,99,,24751,80,0,31 32,0,29,,24755,430,,,0,100,,24753,430,,,0,100,,24756,430,,,0,100,,24757,430,,,0,100,,24754,430,,,0,99,,24763,430,,,0,101,,24766,430,,,0,101,,24767,430,,,0,101,,24760,430,,,0,100,,24761,430,,,0,99,,24762,430,,,0,100,,24758,430,,,0,170,,24768,430,,,0,31,,24764,430,,,0,101,,24765,430,,,0,100,,24759,430,,,0
25001,'Fête-2-01',538,,24769,80,0,31 32,0,64,,24770,80,0,31 32,0,29,,24771,80,,,0,20,,24772,430,,,0,67,,24773,430,,,0,36,,24774,430,,,0,81,,24775,430,,,0,65,,24776,430,,,0,38,,24777,430,,,0,100,,24778,430,,,0,103,,24779,430,,,0,100,,24780,430,,,0,101,,24781,430,,,0,101,,24782,430,,,0,112,,24783,430,,,0,80,,24784,430,,,0,75,,24785,430,,,0,22,,24787,430,,,0,27,,24786,430,,,0,66,,24788,430,,,0,34,,24789,430,,,0,79,,24790,430,,,0,70,,24791,430,,,0,105,,24792,430,,,0,35,,24793,430,,,0,100,,24794,430,0,8 76 19,0,98,,24795,430,0,8 76 19,0
25001,'Semaine-01',538,,24796,80,0,31 32,0,64,,24797,80,0,31 32,0,29,,24798,80,,,0,20,,24799,430,,,0,67,,24800,430,,,0,36,,24801,430,,,0,81,,24802,430,,,0,65,,24803,430,,,0,38,,24804,430,,,0,100,,24805,430,,,0,103,,24806,430,,,0,100,,24807,430,,,0,101,,24808,430,,,0,101,,24809,430,,,0,112,,24810,430,,,0,80,,24811,430,,,0,75,,24812,430,,,0,22,,24814,430,,,0,27,,24813,430,,,0,66,,24815,430,,,0,34,,24816,430,,,0,79,,24817,430,,,0,70,,24818,430,,,0,105,,24819,430,,,0,35,,24820,430,,,0,100,,24821,430,0,8 76 19,0,98,,24822,430,0,8 76 19,0
25001,'Week-end-01',714,,19212,80,0,31 32,0,99,,19196,80,0,31 32,0,29,,19110,430,,,0,100,,19108,430,,,0,100,,19112,430,,,0,100,,19113,430,,,0,100,,19109,430,,,0,99,,19121,430,,,0,101,,19124,430,,,0,101,,19127,430,,,0,101,,19117,430,,,0,100,,19119,430,,,0,99,,19120,430,,,0,100,,19115,430,,,0,170,,19128,430,,,0,31,,19122,430,,,0,101,,19123,430,,,0,100,,19116,430,,,0
31700,'Fête-2-01',651,,25679,50,,,0,70,,25680,50,,,0,110,,25681,50,,,0,290,,25682,50,,,0,300,,25683,50,,,0
31700,'Semaine-01',651,,25684,50,,,0,70,,25685,50,,,0,110,,25686,50,,,0,290,,25687,50,,,0,300,,25688,50,,,0
31701,'Fête-2-01',1232,,25691,60,,,0,270,,25696,60,,,0,100,,25692,60,,,0,130,,25693,60,,,0,100,,25694,60,,,0,475,,25695,60,,,0
31701,'Semaine-01',1232,,25697,60,,,0,270,,25702,60,,,0,100,,25698,60,,,0,130,,25699,60,,,0,100,,25700,60,,,0,475,,25701,60,,,0
51401,'Fête-2-01',527,,25719,90,,,0,95,,25720,90,,,0,34,,25721,90,,,0
51401,'Semaine-01',527,,25722,90,,,0,95,,25723,90,,,0,34,,25724,90,,,0
