23200,'Fête-1-01',926,,23839,230,,,0,102,,23834,230,,,0,100,,23840,230,,,0,102,,23833,230,,,0,100,,23841,230,,,0,100,,23832,230,,,0,100,,23842,230,,,0,98,,23837,230,,,0,100,,23843,230,,,0,99,,23836,230,,,0,100,,23844,230,,,0,100,,23831,230,,,0,100,,23845,230,,,0,100,,23838,230,,,0
23200,'Fête-2-01',627,,23846,230,,,0,26,,23847,230,,,0,74,,23848,230,,,0,29,,23849,230,,,0,72,,23850,230,,,0,30,,23851,230,,,0,99,,23852,230,,,0,100,,23853,230,,,0,101,,23854,230,,,0,100,,23855,230,,,0,142,,23856,230,,,0,102,,23857,230,,,0,103,,23858,230,,,0,36,,23859,230,,,0,70,,23860,230,,,0,91,,23861,230,,,0,28,,23862,230,,,0,75,,23863,230,,,0,95,,23864,230,,,0,54,,23865,230,,,0,100,,23866,230,,,0
23200,'Semaine-01',627,,23869,230,,,0,26,,23870,230,,,0,74,,23871,230,,,0,29,,23872,230,,,0,72,,23873,230,,,0,30,,23874,230,,,0,99,,23875,230,,,0,100,,23876,230,,,0,101,,23877,230,,,0,100,,23878,230,,,0,142,,23879,230,,,0,102,,23880,230,,,0,103,,23881,230,,,0,36,,23882,230,,,0,70,,23883,230,,,0,91,,23884,230,,,0,28,,23885,230,,,0,75,,23886,230,,,0,95,,23887,230,,,0,54,,23888,230,,,0,100,,23889,230,,,0
23200,'Week-end-01',926,,18030,230,,,0,102,,18025,230,,,0,100,,18031,230,,,0,102,,18024,230,,,0,100,,18032,230,,,0,100,,18023,230,,,0,100,,18033,230,,,0,98,,18028,230,,,0,100,,18034,230,,,0,99,,18027,230,,,0,100,,18035,230,,,0,100,,18022,230,,,0,100,,18036,230,,,0,100,,18029,230,,,0
23300,'Fête-1-01',911,,23896,520,,,0,200,,23898,520,,,0,200,,23894,520,,,0,203,,23899,520,,,0,200,,23897,520,,,0,197,,23895,520,,,0,199,,23892,520,,,0
23300,'Fête-2-01',644,,23900,520,,,0,82,,23901,520,,,0,120,,23911,520,,,0,269,,23902,520,,,0,200,,23903,520,,,0,202,,23904,520,,,0,135,,23905,520,,,0,103,,23906,520,,,0,101,,23910,520,,,0,103,,23907,520,,,0,155,,23908,520,,,0
23300,'Semaine-01',644,,23912,520,,,0,82,,23913,520,,,0,120,,23923,520,,,0,269,,23914,520,,,0,200,,23915,520,,,0,202,,23916,520,,,0,135,,23917,520,,,0,103,,23918,520,,,0,101,,23922,520,,,0,103,,23919,520,,,0,155,,23920,520,,,0
23300,'Week-end-01',911,,18073,520,,,0,200,,18075,520,,,0,200,,18071,520,,,0,203,,18076,520,,,0,200,,18074,520,,,0,197,,18072,520,,,0,199,,18069,520,,,0
23400,'Fête-1-01',815,,23931,300,,,0,196,,23929,530,,,0,200,,23927,530,,,0,203,,23924,530,,,0,202,,23926,530,,,0,195,,23925,530,,,0,200,,23930,530,,,0,200,,23928,530,,,0
23400,'Fête-2-01',540,,23943,300,,,0,65,,23942,300,,,0,97,,23932,530,,,0,108,,23945,530,,,0,103,,23933,530,,,0,101,,23934,530,,,0,200,,23935,530,,,0,201,,23936,530,,,0,202,,23937,530,,,0,108,,23938,530,,,0,99,,23939,530,,,0,97,,23944,530,,,0,91,,23940,530,,,0,200,,23941,530,,,0
23400,'Semaine-01',540,,23957,300,,,0,65,,23956,300,,,0,97,,23946,530,,,0,108,,23959,530,,,0,103,,23947,530,,,0,101,,23948,530,,,0,200,,23949,530,,,0,201,,23950,530,,,0,202,,23951,530,,,0,108,,23952,530,,,0,99,,23953,530,,,0,97,,23958,530,,,0,91,,23954,530,,,0,200,,23955,530,,,0
23400,'Week-end-01',815,,18120,300,,,0,196,,18118,530,,,0,200,,18116,530,,,0,203,,18113,530,,,0,202,,18115,530,,,0,195,,18114,530,,,0,200,,18119,530,,,0,200,,18117,530,,,0
