24100,'Fête-2-01',624,,24364,640,,,0,23,,24365,640,,,0,76,,24366,640,,,0,24,,24367,640,,,0,102,,24368,640,,,0,100,,24369,640,,,0,100,,24370,640,,,0,100,,24371,640,,,0,100,,24372,640,,,0,100,,24373,640,,,0,101,,24374,640,,,0,107,,24375,640,,,0,151,,24376,640,,,0,100,,24377,640,,,0,28,,24378,640,,,0,71,,24379,640,,,0,33,,24380,640,,,0,97,,24381,640,,,0,69,,24382,640,,,0,98,,24383,640,,,0,97,,24384,640,,,0,58,,24385,640,,,0
24100,'Semaine-01',624,,24386,640,,,0,23,,24387,640,,,0,76,,24388,640,,,0,24,,24389,640,,,0,75,,24390,640,,,0,27,,24391,640,,,0,74,,24392,640,,,0,26,,24393,640,,,0,100,,24394,640,,,0,100,,24395,640,,,0,100,,24396,640,,,0,100,,24397,640,,,0,101,,24398,640,,,0,88,,24400,270,,,0,19,,24399,640,,,0,81,,24401,640,,,0,70,,24402,640,,,0,30,,24403,640,,,0,70,,24404,640,,,0,28,,24405,640,,,0,71,,24406,640,,,0,33,,24407,640,,,0,67,,24408,640,,,0,30,,24409,640,,,0,69,,24410,640,,,0,98,,24411,640,,,0,97,,24412,640,,,0,58,,24413,640,,,0
24300,'Fête-2-01',618,,24473,380,0,31 32,0,22,,24474,380,0,31 32,0,83,,24475,630,,,0,22,,24476,630,,,0,87,,24477,630,,,0,18,,24478,630,,,0,85,,24479,630,,,0,14,,24480,630,,,0,106,,24481,630,,,0,100,,24482,630,,,0,100,,24483,630,,,0,100,,24484,630,,,0,100,,24485,630,,,0,156,,24486,630,,,0,40,,24487,630,,,0,72,,24488,630,,,0,84,,24489,630,,,0,30,,24490,630,,,0,78,,24491,630,,,0,32,,24492,630,,,0,72,,24493,630,,,0,84,,24494,630,,,0,100,,24495,630,,,0,100,,24496,630,,,0
24300,'Semaine-01',618,,24498,380,0,31 32,0,22,,24499,380,0,31 32,0,83,,24500,630,,,0,22,,24501,630,,,0,87,,24502,630,,,0,18,,24503,630,,,0,85,,24504,630,,,0,14,,24505,630,,,0,106,,24506,630,,,0,100,,24507,630,,,0,100,,24508,630,,,0,100,,24509,630,,,0,100,,24510,630,,,0,156,,24511,630,,,0,40,,24512,630,,,0,72,,24513,630,,,0,84,,24514,630,,,0,30,,24515,630,,,0,78,,24516,630,,,0,32,,24517,630,,,0,72,,24518,630,,,0,84,,24519,630,,,0,100,,24520,630,,,0,100,,24521,630,,,0
24601,'Fête-2-01',604,,24531,520,,,0,47,,24530,520,,,0,91,,24529,520,,,0,93,,24528,520,,,0,89,,24527,520,,,0,698,,24526,520,,,0,92,,24525,520,,,0,91,,24524,520,,,0,52,,24523,520,,,0,86,,24522,520,,,0
24601,'Semaine-01',604,,24541,520,,,0,47,,24540,520,,,0,90,,24539,520,,,0,93,,24538,520,,,0,89,,24537,520,,,0,699,,24536,520,,,0,92,,24535,520,,,0,93,,24534,520,,,0,51,,24533,520,,,0,87,,24532,520,,,0
24701,'Fête-1-01',757,,24583,520,,,0,170,,24584,520,,,0,130,,24585,520,,,0,170,,24586,520,,,0,130,,24587,520,,,0,170,,24588,520,,,0,130,,24589,520,,,0,170,,24590,520,,,0
24701,'Fête-2-01',556,,24595,520,,,0,70,,24596,520,,,0,122,,24597,520,,,0,60,,24598,520,,,0,40,,24599,520,,,0,108,,24600,520,,,0,172,,24601,520,,,0,130,,24602,520,,,0,170,,24603,520,,,0,182,,24604,520,,,0,24,,24605,520,,,0,116,,24591,520,,,0,69,,24606,520,,,0,184,,24592,520,,,0,130,,24593,520,,,0,170,,24594,520,,,0
24701,'Semaine-01',556,,24612,520,,,0,70,,24613,520,,,0,82,,24614,520,,,0,40,,24615,520,,,0,60,,24616,520,,,0,40,,24617,520,,,0,108,,24618,520,,,0,172,,24619,520,,,0,130,,24620,520,,,0,170,,24621,520,,,0,182,,24622,520,,,0,24,,24623,520,,,0,116,,24607,520,,,0,69,,24624,520,,,0,23,,24608,520,,,0,161,,24609,520,,,0,130,,24610,520,,,0,170,,24611,520,,,0
24701,'Week-end-01',757,,18888,520,,,0,170,,18889,520,,,0,130,,18890,520,,,0,170,,18891,520,,,0,130,,18892,520,,,0,170,,18893,520,,,0,130,,18894,520,,,0,170,,18895,520,,,0
24901,'Fête-1-01',758,,24699,640,,,0,168,,24700,640,,,0,130,,24701,640,,,0,170,,24702,640,,,0,130,,24703,640,,,0,170,,24704,640,,,0,130,,24705,640,,,0,170,,24706,640,,,0,130,,24707,640,,,0,170,,24708,640,,,0,130,,24709,640,,,0
24901,'Fête-2-01',625,,24710,640,,,0,23,,24711,640,,,0,78,,24712,640,,,0,98,,24713,640,,,0,24,,24714,640,,,0,100,,24715,640,,,0,95,,24716,640,,,0,100,,24717,640,,,0,100,,24718,640,,,0,100,,24719,640,,,0,100,,24720,640,,,0,161,,24721,640,,,0,54,,24722,640,,,0,79,,24723,640,,,0,72,,24724,640,,,0,92,,24725,640,,,0,58,,24726,640,,,0,141,,24727,640,,,0,103,,24728,640,,,0,97,,24729,640,,,0
24901,'Semaine-01',625,,24730,640,,,0,23,,24731,640,,,0,78,,24732,640,,,0,97,,24733,640,,,0,25,,24734,640,,,0,100,,24735,640,,,0,95,,24736,640,,,0,100,,24737,640,,,0,100,,24738,640,,,0,100,,24739,640,,,0,100,,24740,640,,,0,99,,24741,640,,,0,62,,24742,640,,,0,54,,24743,640,,,0,79,,24744,640,,,0,74,,24745,640,,,0,90,,24746,640,,,0,58,,24747,640,,,0,141,,24748,640,,,0,103,,24749,640,,,0,97,,24750,640,,,0
24901,'Week-end-01',758,,19032,640,,,0,168,,19033,640,,,0,130,,19034,640,,,0,170,,19035,640,,,0,130,,19036,640,,,0,170,,19037,640,,,0,130,,19038,640,,,0,170,,19039,640,,,0,130,,19040,640,,,0,170,,19041,640,,,0,130,,19042,640,,,0
25001,'Fête-1-01',755,,24752,600,0,31 32,0,100,,24751,600,0,31 32,0,69,,24755,950,,,0,100,,24753,950,,,0,101,,24756,950,,,0,99,,24757,950,,,0,100,,24754,950,,,0,99,,24763,950,,,0,101,,24766,950,,,0,102,,24767,950,,,0,100,,24760,950,,,0,99,,24761,950,,,0,99,,24762,950,,,0,100,,24758,950,,,0,130,,24768,950,,,0,70,,24764,950,,,0
25001,'Fête-2-01',624,,24769,600,0,31 32,0,24,,24770,600,0,31 32,0,73,,24771,600,,,0,21,,24772,950,,,0,66,,24773,950,,,0,39,,24774,950,,,0,79,,24775,950,,,0,23,,24776,950,,,0,73,,24777,950,,,0,100,,24778,950,,,0,103,,24779,950,,,0,100,,24780,950,,,0,101,,24781,950,,,0,101,,24782,950,,,0,112,,24783,950,,,0,83,,24784,950,,,0,36,,24785,950,,,0,62,,24787,950,,,0,27,,24786,950,,,0,66,,24788,950,,,0,30,,24789,950,,,0,79,,24790,950,,,0,30,,24791,950,,,0,106,,24792,950,,,0,75,,24793,950,,,0
25001,'Semaine-01',624,,24796,600,0,31 32,0,24,,24797,600,0,31 32,0,73,,24798,600,,,0,21,,24799,950,,,0,66,,24800,950,,,0,39,,24801,950,,,0,79,,24802,950,,,0,23,,24803,950,,,0,73,,24804,950,,,0,100,,24805,950,,,0,103,,24806,950,,,0,100,,24807,950,,,0,101,,24808,950,,,0,101,,24809,950,,,0,112,,24810,950,,,0,83,,24811,950,,,0,36,,24812,950,,,0,62,,24814,950,,,0,27,,24813,950,,,0,66,,24815,950,,,0,30,,24816,950,,,0,79,,24817,950,,,0,30,,24818,950,,,0,106,,24819,950,,,0,75,,24820,950,,,0
25001,'Week-end-01',755,,19212,600,0,31 32,0,100,,19196,600,0,31 32,0,69,,19110,950,,,0,100,,19108,950,,,0,101,,19112,950,,,0,99,,19113,950,,,0,100,,19109,950,,,0,99,,19121,950,,,0,101,,19124,950,,,0,102,,19127,950,,,0,100,,19117,950,,,0,99,,19119,950,,,0,99,,19120,950,,,0,100,,19115,950,,,0,130,,19128,950,,,0,70,,19122,950,,,0
25101,'Fête-1-01',756,,24823,350,0,31 32,0,93,,24838,690,,,0,100,,24836,690,,,0,100,,24839,690,,,0,100,,24835,690,,,0,100,,24834,690,,,0,100,,24837,690,,,0,100,,24830,690,,,0,100,,24833,690,,,0,100,,24829,690,,,0,100,,24831,690,,,0,100,,24827,690,,,0,99,,24832,690,,,0,100,,24824,690,,,0,100,,24825,690,,,0,100,,24826,690,,,0
25101,'Fête-2-01',945,,24841,690,,,0,100,,24840,690,,,0,100,,24848,690,,,0,100,,24845,690,,,0,100,,24847,690,,,0,100,,24843,690,,,0,655,,24846,690,,,0,57,,24844,690,,,0,98,,24842,690,,,0
25101,'Semaine-01',945,,24850,690,,,0,100,,24849,690,,,0,100,,24857,690,,,0,100,,24854,690,,,0,100,,24856,690,,,0,100,,24852,690,,,0,655,,24855,690,,,0,57,,24853,690,,,0,98,,24851,690,,,0
25101,'Week-end-01',756,,19252,350,0,31 32,0,93,,19267,690,,,0,100,,19265,690,,,0,100,,19268,690,,,0,100,,19264,690,,,0,100,,19263,690,,,0,100,,19266,690,,,0,100,,19259,690,,,0,100,,19262,690,,,0,100,,19258,690,,,0,100,,19260,690,,,0,100,,19256,690,,,0,99,,19261,690,,,0,100,,19253,690,,,0,100,,19254,690,,,0,100,,19255,690,,,0
25201,'Fête-2-01',627,,24866,320,,,0,78,,24858,320,,,0,36,,24872,320,,,0,76,,24870,320,,,0,33,,24867,320,,,0,679,,24868,320,,,0,79,,24864,320,,,0,31,,24861,320,,,0,71,,24863,320,,,0,30,,24869,320,,,0,69,,24859,320,,,0,29,,24871,320,,,0,70,,24865,320,,,0,29,,24862,320,,,0,71,,24860,320,,,0
25201,'Semaine-01',627,,24881,320,,,0,78,,24873,320,,,0,36,,24887,320,,,0,76,,24885,320,,,0,33,,24882,320,,,0,679,,24883,320,,,0,79,,24879,320,,,0,31,,24876,320,,,0,71,,24878,320,,,0,30,,24884,320,,,0,69,,24874,320,,,0,29,,24886,320,,,0,71,,24880,320,,,0,28,,24877,320,,,0,71,,24875,320,,,0
40501,'Semaine-01',1607,,25707,60,,,0,130,,25708,60,,,0
60001,'Fête-1-01',803,,25805,60,,,0,100,,25804,60,,,0,100,,25802,60,,,0,100,,25803,60,,,0,100,,25800,60,,,0,100,,25801,60,,,0,100,,25797,60,,,0,100,,25798,60,,,0,100,,25799,60,,,0,100,,25796,60,,,0,100,,25793,60,,,0,100,,25794,60,,,0,100,,25795,60,,,0,100,,25791,60,,,0,49,,25792,60,,,0,179,,25790,60,,,0
60001,'Fête-2-01',726,,25806,60,,,0,30,,25807,60,,,0,100,,25808,60,,,0,102,,25809,60,,,0,100,,25810,60,,,0,170,,25811,60,,,0,100,,25812,60,,,0,30,,25813,60,,,0,100,,25814,60,,,0,95,,25815,60,,,0,100,,25816,60,,,0,70,,25817,60,,,0,30,,25818,60,,,0,101,,25819,60,,,0,101,,25820,60,,,0,100,,25821,60,,,0,100,,25822,60,,,0,100,,25823,60,,,0,100,,25824,60,,,0
60001,'Semaine-01',659,,25829,60,,,0,67,,25830,60,,,0,30,,25831,60,,,0,100,,25832,60,,,0,102,,25833,60,,,0,100,,25834,60,,,0,100,,25835,60,,,0,70,,25836,60,,,0,100,,25837,60,,,0,30,,25838,60,,,0,70,,25839,60,,,0,30,,25840,60,,,0,65,,25841,60,,,0,30,,25842,60,,,0,70,,25843,60,,,0,30,,25844,60,,,0,70,,25845,60,,,0,30,,25846,60,,,0,71,,25847,60,,,0,30,,25848,60,,,0,101,,25849,60,,,0,100,,25850,60,,,0,100,,25851,60,,,0,100,,25852,60,,,0,100,,25853,60,,,0
60001,'Week-end-01',803,,20466,60,,,0,100,,20465,60,,,0,100,,20463,60,,,0,100,,20464,60,,,0,100,,20461,60,,,0,100,,20462,60,,,0,100,,20458,60,,,0,100,,20459,60,,,0,100,,20460,60,,,0,100,,20457,60,,,0,100,,20454,60,,,0,100,,20455,60,,,0,100,,20456,60,,,0,100,,20452,60,,,0,49,,20453,60,,,0,179,,20451,60,,,0
60501,'Semaine-01',1602,,25888,60,,,0,212,,25889,60,,,0
61000,'Fête-2-01',658,,25907,60,,,0,101,,25908,60,,,0,99,,25909,60,,,0,100,,25910,60,,,0,100,,25911,60,,,0,100,,25912,60,,,0,100,,25913,60,,,0,100,,25914,60,,,0,100,,25915,60,,,0,93,,25916,60,,,0,99,,25917,60,,,0,151,,25918,60,,,0,102,,25919,60,,,0,100,,25920,60,,,0,100,,25921,60,,,0,100,,25922,60,,,0
61000,'Semaine-01',658,,25925,60,,,0,69,,25926,60,,,0,32,,25927,60,,,0,74,,25928,60,,,0,25,,25929,60,,,0,100,,25930,60,,,0,100,,25931,60,,,0,100,,25932,60,,,0,100,,25933,60,,,0,100,,25934,60,,,0,100,,25935,60,,,0,93,,25936,60,,,0,64,,25937,60,,,0,35,,25938,60,,,0,71,,25939,60,,,0,80,,25940,60,,,0,31,,25941,60,,,0,71,,25942,60,,,0,100,,25943,60,,,0,100,,25944,60,,,0,100,,25945,60,,,0
70901,'Fête-1-01',626,,26382,530,,,0,30,,26383,530,,,0,70,,26384,530,,,0,30,,26385,530,,,0,70,,26386,530,,,0,16,,26387,530,,,0,71,,26388,530,,,0,30,,26389,530,,,0,70,,26390,530,,,0,31,,26391,530,,,0,71,,26392,530,,,0,30,,26393,530,,,0,70,,26394,530,,,0,30,,26395,530,,,0,70,,26396,530,,,0,30,,26397,530,,,0,70,,26398,530,,,0,30,,26399,530,,,0,70,,26400,530,,,0,30,,26401,530,,,0,70,,26402,530,,,0,30,,26403,530,,,0,70,,26404,530,,,0,30,,26405,530,,,0,70,,26406,530,,,0,30,,26407,530,,,0,70,,26408,530,,,0,30,,26409,530,,,0,70,,26410,530,,,0,30,,26411,530,,,0,70,,26412,530,,,0,30,,26413,530,,,0,70,,26414,530,,,0,30,,26415,530,,,0,70,,26416,530,,,0,30,,26417,530,,,0,111,,26418,530,,,0
70901,'Fête-2-01',457,,26422,530,,,0,70,,26464,530,,,0,20,,26420,530,,,0,10,,26419,530,,,0,63,,26421,530,,,0,20,,26423,530,,,0,60,,26424,530,,,0,28,,26425,530,,,0,12,,26426,530,,,0,61,,26427,530,,,0,10,,26428,530,,,0,10,,26429,530,,,0,20,,26430,530,,,0,10,,26431,530,,,0,54,,26432,530,,,0,13,,26434,530,,,0,15,,26470,530,,,0,15,,26433,530,,,0,70,,26435,530,,,0,15,,26436,530,,,0,22,,26437,560,,,0,71,,26438,560,,,0,15,,26439,560,,,0,15,,26440,560,,,0,55,,26441,560,,,0,15,,26473,560,,,0,15,,26442,560,,,0,15,,26474,560,,,0,70,,26443,560,,,0,15,,26444,560,,,0,15,,26445,560,,,0,70,,26465,560,,,0,30,,26466,560,,,0,70,,26467,560,,,0,16,,26468,560,,,0,16,,26469,560,,,0,89,,26447,560,,,0,55,,26446,560,,,0,28,,26448,560,,,0,15,,26449,560,,,0,62,,26450,560,,,0,14,,26471,560,,,0,13,,26472,560,,,0,14,,26451,560,,,0,59,,26452,560,,,0,14,,26453,560,,,0,15,,26454,560,,,0,22,,26455,530,,,0,70,,26456,530,,,0,15,,26457,530,,,0,67,,26458,530,,,0,30,,26459,530,,,0,69,,26460,530,,,0,44,,26461,530,,,0,99,,26462,530,,,0,148,,26463,530,,,0
70901,'Semaine-01',457,,26485,530,,,0,70,,26534,530,,,0,20,,26482,530,,,0,10,,26475,530,,,0,52,,26483,530,,,0,11,,26484,530,,,0,10,,26486,530,,,0,10,,26487,530,,,0,10,,26488,530,,,0,50,,26489,530,,,0,17,,26490,530,,,0,11,,26491,530,,,0,12,,26492,530,,,0,11,,26493,530,,,0,50,,26494,530,,,0,10,,26495,530,,,0,10,,26496,530,,,0,10,,26497,530,,,0,10,,26498,530,,,0,10,,26499,530,,,0,54,,26500,530,,,0,13,,26502,530,,,0,15,,26541,530,,,0,15,,26501,530,,,0,70,,26503,530,,,0,15,,26504,530,,,0,22,,26505,560,,,0,56,,26481,400,,,0,15,,26506,560,,,0,15,,26507,560,,,0,15,,26508,560,,,0,55,,26509,560,,,0,15,,26544,560,,,0,15,,26510,560,,,0,15,,26545,560,,,0,55,,26476,400,,,0,15,,26511,560,,,0,15,,26512,560,,,0,15,,26513,560,,,0,55,,26477,400,,,0,15,,26536,560,,,0,15,,26478,400,,,0,15,,26537,560,,,0,55,,26479,400,,,0,15,,26538,560,,,0,16,,26539,560,,,0,16,,26540,560,,,0,57,,26480,400,,,0,17,,26535,560,,,0,15,,26515,560,,,0,55,,26514,560,,,0,15,,26516,560,,,0,13,,26517,560,,,0,15,,26518,560,,,0,8,,26519,560,,,0,54,,26520,560,,,0,14,,26542,560,,,0,13,,26543,560,,,0,14,,26521,560,,,0,59,,26522,560,,,0,14,,26523,560,,,0,15,,26524,560,,,0,22,,26525,530,,,0,70,,26526,530,,,0,15,,26527,530,,,0,67,,26528,530,,,0,30,,26529,530,,,0,69,,26530,530,,,0,44,,26531,530,,,0,99,,26532,530,,,0,148,,26533,530,,,0
70901,'Week-end-01',626,,21198,530,,,0,30,,21199,530,,,0,70,,21200,530,,,0,30,,21201,530,,,0,70,,21202,530,,,0,16,,21203,530,,,0,71,,21204,530,,,0,30,,21205,530,,,0,70,,21206,530,,,0,31,,21207,530,,,0,71,,21208,530,,,0,30,,21209,530,,,0,70,,21210,530,,,0,30,,21211,530,,,0,70,,21212,530,,,0,30,,21213,530,,,0,70,,21214,530,,,0,30,,21215,530,,,0,70,,21216,530,,,0,30,,21217,530,,,0,70,,21218,530,,,0,30,,21219,530,,,0,70,,21220,530,,,0,30,,21221,530,,,0,70,,21222,530,,,0,30,,21223,530,,,0,70,,21224,530,,,0,30,,21225,530,,,0,70,,21226,530,,,0,30,,21227,530,,,0,70,,21228,530,,,0,30,,21229,530,,,0,70,,21230,530,,,0,30,,21231,530,,,0,70,,21232,530,,,0,30,,21233,530,,,0,111,,21234,530,,,0
