24700,'Fête-1-01',805,,24547,10,,,0,130,,24542,10,,,0,170,,24544,10,,,0,130,,24548,10,,,0,170,,24549,10,,,0,130,,24545,10,,,0,170,,24543,10,,,0,130,,24546,10,,,0
24700,'Fête-2-01',634,,24555,10,,,0,82,,24556,10,,,0,103,,24557,10,,,0,186,,24563,10,,,0,130,,24564,10,,,0,170,,24561,10,,,0,130,,24562,10,,,0,71,,24550,10,,,0,112,,24551,10,,,0,92,,24552,10,,,0,117,,24553,10,,,0,23,,24554,10,,,0,160,,24558,10,,,0,130,,24559,10,,,0,170,,24560,10,,,0
24700,'Semaine-01',634,,24573,10,,,0,82,,24574,10,,,0,103,,24575,10,,,0,186,,24581,10,,,0,130,,24582,10,,,0,170,,24579,10,,,0,130,,24580,10,,,0,71,,24565,10,,,0,112,,24566,10,,,0,28,,24567,10,,,0,64,,24568,10,,,0,47,,24569,10,,,0,70,,24570,10,,,0,23,,24571,10,,,0,105,,24572,10,,,0,55,,24576,10,,,0,130,,24577,10,,,0,170,,24578,10,,,0
24700,'Week-end-01',805,,18844,10,,,0,130,,18838,10,,,0,170,,18840,10,,,0,130,,18845,10,,,0,170,,18846,10,,,0,130,,18841,10,,,0,170,,18839,10,,,0,130,,18842,10,,,0
24701,'Fête-1-01',759,,24583,530,4,,0,170,,24584,530,4,,0,130,,24585,530,4,,0,170,,24586,530,4,,0,130,,24587,530,4,,0,170,,24588,530,4,,0,130,,24589,530,4,,0,170,,24590,530,4,,0
24701,'Fête-2-01',558,,24595,530,4,,0,70,,24596,530,4,,0,122,,24597,530,4,,0,60,,24598,530,4,,0,40,,24599,530,4,,0,108,,24600,530,4,,0,172,,24601,530,4,,0,170,,24602,530,4,,0,130,,24603,530,4,,0,182,,24604,530,4,,0,24,,24605,530,4,,0,116,,24591,530,4,,0,69,,24606,530,4,,0,184,,24592,530,4,,0,130,,24593,530,4,,0,170,,24594,530,4,,0
24701,'Semaine-01',558,,24612,530,4,,0,70,,24613,530,4,,0,82,,24614,530,4,,0,40,,24615,530,4,,0,60,,24616,530,4,,0,40,,24617,530,4,,0,108,,24618,530,4,,0,172,,24619,530,4,,0,170,,24620,530,4,,0,130,,24621,530,4,,0,182,,24622,530,4,,0,24,,24623,530,4,,0,116,,24607,530,4,,0,69,,24624,530,4,,0,23,,24608,530,4,,0,161,,24609,530,4,,0,130,,24610,530,4,,0,170,,24611,530,4,,0
24701,'Week-end-01',759,,18888,530,4,,0,170,,18889,530,4,,0,130,,18890,530,4,,0,170,,18891,530,4,,0,130,,18892,530,4,,0,170,,18893,530,4,,0,130,,18894,530,4,,0,170,,18895,530,4,,0
61001,'Fête-1-01',732,,25948,670,4,,0,100,,25949,670,4,,0,100,,25950,670,4,,0,102,,25951,670,4,,0,100,,25952,670,4,,0,100,,25953,670,4,,0,100,,25954,670,4,,0,100,,25955,670,4,,0,100,,25956,670,4,,0,100,,25957,670,4,,0,99,,25958,670,4,,0,98,,25959,670,4,,0,100,,25960,670,4,,0,100,,25961,670,4,,0,100,,25962,670,4,,0,100,,25963,670,4,,0,100,,25964,670,4,,0
61001,'Fête-2-01',610,,25965,670,4,,0,30,,25966,670,,,0,102,,25967,670,,,0,96,,25968,670,,,0,98,,25969,670,,,0,100,,25970,670,,,0,99,,25971,670,,,0,100,,25972,670,,,0,100,,25973,670,,,0,100,,25974,670,,,0,102,,25975,670,,,0,105,,25976,670,,,0,102,,25977,670,,,0,98,,25978,670,,,0,91,,25979,670,,,0,99,,25980,670,,,0,100,,25981,670,,,0,100,,25982,670,4,,0,100,,25983,670,4,,0
61001,'Semaine-01',610,,25984,670,4,,0,30,,25985,670,,,0,72,,25986,670,,,0,30,,25987,670,,,0,70,,25988,670,,,0,26,,25989,670,,,0,68,,26008,670,,,0,30,,25990,670,,,0,100,,25991,670,,,0,99,,25992,670,,,0,100,,25993,670,,,0,100,,25994,670,,,0,100,,25995,670,,,0,102,,25996,670,,,0,105,,25997,670,,,0,73,,25998,670,,,0,29,,25999,670,,,0,68,,26000,670,,,0,30,,26001,670,,,0,61,,26002,670,,,0,30,,26003,670,,,0,99,,26004,670,,,0,100,,26005,670,,,0,100,,26006,670,4,,0,100,,26007,670,4,,0
61001,'Week-end-01',732,,20618,670,4,,0,100,,20619,670,4,,0,100,,20620,670,4,,0,102,,20621,670,4,,0,100,,20622,670,4,,0,100,,20623,670,4,,0,100,,20624,670,4,,0,100,,20625,670,4,,0,100,,20626,670,4,,0,100,,20627,670,4,,0,99,,20628,670,4,,0,98,,20629,670,4,,0,100,,20630,670,4,,0,100,,20631,670,4,,0,100,,20632,670,4,,0,100,,20633,670,4,,0,100,,20634,670,4,,0
