25001,'Fête-1-01',720,,24752,190,0,31 32,0,99,,24751,190,0,31 32,0,29,,24755,540,,,0,100,,24753,540,,,0,100,,24756,540,,,0,100,,24757,540,,,0,100,,24754,540,,,0,99,,24763,540,,,0,101,,24766,540,,,0,101,,24767,540,,,0,101,,24760,540,,,0,100,,24761,540,,,0,99,,24762,540,,,0,100,,24758,540,,,0,171,,24768,540,,,0,31,,24764,540,,,0
25001,'Fête-2-01',545,,24769,190,0,31 32,0,64,,24770,190,0,31 32,0,29,,24771,190,,,0,20,,24772,540,,,0,67,,24773,540,,,0,76,,24774,540,,,0,41,,24775,540,,,0,65,,24776,540,,,0,38,,24777,540,,,0,100,,24778,540,,,0,103,,24779,540,,,0,100,,24780,540,,,0,101,,24781,540,,,0,101,,24782,540,,,0,152,,24783,540,,,0,40,,24784,540,,,0,75,,24785,540,,,0,22,,24787,540,,,0,67,,24786,540,,,0,26,,24788,540,,,0,73,,24789,540,,,0,39,,24790,540,,,0,70,,24791,540,,,0,105,,24792,540,,,0,35,,24793,540,,,0
25001,'Semaine-01',545,,24796,190,,,0,64,,24797,190,,,0,29,,24798,190,,,0,20,,24799,540,,,0,67,,24800,540,,,0,76,,24801,540,,,0,41,,24802,540,,,0,65,,24803,540,,,0,38,,24804,540,,,0,100,,24805,540,,,0,103,,24806,540,,,0,100,,24807,540,,,0,101,,24808,540,,,0,101,,24809,540,,,0,152,,24810,540,,,0,40,,24811,540,,,0,75,,24812,540,,,0,22,,24814,540,,,0,67,,24813,540,,,0,26,,24815,540,,,0,73,,24816,540,,,0,39,,24817,540,,,0,70,,24818,540,,,0,105,,24819,540,,,0,35,,24820,540,,,0
25001,'Week-end-01',720,,19212,190,0,31 32,0,99,,19196,190,0,31 32,0,29,,19110,540,,,0,100,,19108,540,,,0,100,,19112,540,,,0,100,,19113,540,,,0,100,,19109,540,,,0,99,,19121,540,,,0,101,,19124,540,,,0,101,,19127,540,,,0,101,,19117,540,,,0,100,,19119,540,,,0,99,,19120,540,,,0,100,,19115,540,,,0,171,,19128,540,,,0,31,,19122,540,,,0
31700,'Fête-2-01',654,,25679,160,,,0,70,,25680,160,,,0,110,,25681,160,,,0,290,,25682,160,,,0,300,,25683,160,,,0
31700,'Semaine-01',654,,25684,160,,,0,70,,25685,160,,,0,110,,25686,160,,,0,290,,25687,160,,,0,300,,25688,160,,,0
31701,'Fête-2-01',1234,,25691,170,,,0,270,,25696,170,,,0,100,,25692,170,,,0,130,,25693,170,,,0,100,,25694,170,,,0,475,,25695,170,,,0
31701,'Semaine-01',1234,,25697,170,,,0,270,,25702,170,,,0,100,,25698,170,,,0,130,,25699,170,,,0,100,,25700,170,,,0,475,,25701,170,,,0
51401,'Fête-2-01',533,,25719,200,,,0,95,,25720,200,,,0,74,,25721,200,,,0
51401,'Semaine-01',533,,25722,200,,,0,95,,25723,200,,,0,74,,25724,200,,,0
