23000,'Fête-1-01',853,,23656,240,,,0,100,,23657,240,,,0,102,,23661,240,,,0,101,,23662,240,,,0,102,,23663,240,,,0,101,,23664,240,,,0,141,,23665,240,,,0,58,,23667,240,,,0,98,,23655,240,,,0,97,,23654,240,,,0,99,,23666,240,,,0,100,,23660,240,,,0,100,,23659,240,,,0,100,,23658,240,,,0,100,,23668,240,,,0
23000,'Fête-2-01',624,,23673,240,,,0,31,,23674,240,,,0,70,,23675,240,,,0,32,,23676,240,,,0,71,,23677,240,,,0,31,,23678,240,,,0,142,,23679,240,,,0,104,,23684,240,,,0,104,,23685,240,,,0,107,,23686,240,,,0,117,,23687,240,,,0,115,,23688,240,,,0,82,,23671,240,,,0,74,,23670,240,,,0,38,,23669,240,0,8 27 75,0,67,,23672,240,,,0,34,,23689,240,,,0,69,,23683,240,,,0,98,,23682,240,,,0,99,,23681,240,,,0,100,,23680,240,,,0
23000,'Semaine-01',624,,23694,240,,,0,31,,23695,240,,,0,70,,23696,240,,,0,32,,23697,240,,,0,71,,23698,240,,,0,31,,23699,240,,,0,142,,23700,240,,,0,104,,23705,240,,,0,104,,23706,240,,,0,107,,23707,240,,,0,117,,23708,240,,,0,115,,23709,240,,,0,82,,23692,240,,,0,74,,23691,240,,,0,38,,23690,240,0,8 27 75,0,67,,23693,240,,,0,34,,23710,240,,,0,69,,23704,240,,,0,98,,23703,240,,,0,99,,23702,240,,,0,100,,23701,240,,,0
23000,'Week-end-01',853,,17798,240,,,0,100,,17799,240,,,0,102,,17803,240,,,0,101,,17804,240,,,0,102,,17805,240,,,0,101,,17806,240,,,0,141,,17807,240,,,0,58,,17809,240,,,0,98,,17797,240,,,0,97,,17796,240,,,0,99,,17808,240,,,0,100,,17802,240,,,0,100,,17801,240,,,0,100,,17800,240,,,0,100,,17810,240,,,0
23101,'Fête-1-01',854,,23777,280,,,0,100,,23776,280,,,0,100,,23778,280,,,0,100,,23774,280,,,0,100,,23779,280,,,0,100,,23773,280,,,0,100,,23780,280,,,0,100,,23772,280,,,0,100,,23781,280,,,0,100,,23775,280,,,0,100,,23782,280,,,0,100,,23771,280,,,0,100,,23783,280,,,0,100,,23770,280,,,0
23101,'Fête-2-01',628,,23785,280,,,0,24,,23786,280,,,0,77,,23787,280,,,0,27,,23788,280,,,0,74,,23789,280,,,0,96,,23790,280,,,0,100,,23791,280,,,0,100,,23792,280,,,0,100,,23793,280,,,0,100,,23794,280,,,0,100,,23795,280,,,0,100,,23796,280,,,0,88,,23797,280,,,0,32,,23798,280,,,0,68,,23799,280,,,0,27,,23800,280,,,0,72,,23801,280,,,0,27,,23802,280,,,0,85,,23803,280,,,0,100,,23804,280,,,0,103,,23805,280,,,0,100,,23806,280,,,0
23101,'Semaine-01',628,,23808,280,,,0,24,,23809,280,,,0,77,,23810,280,,,0,27,,23811,280,,,0,74,,23812,280,,,0,96,,23813,280,,,0,100,,23814,280,,,0,100,,23815,280,,,0,100,,23816,280,,,0,100,,23817,280,,,0,100,,23818,280,,,0,100,,23819,280,,,0,88,,23820,280,,,0,32,,23821,280,,,0,68,,23822,280,,,0,27,,23823,280,,,0,72,,23824,280,,,0,27,,23825,280,,,0,85,,23826,280,,,0,100,,23827,280,,,0,103,,23828,280,,,0,100,,23829,280,,,0
23101,'Week-end-01',854,,17953,280,,,0,100,,17952,280,,,0,100,,17954,280,,,0,100,,17950,280,,,0,100,,17955,280,,,0,100,,17949,280,,,0,100,,17956,280,,,0,100,,17948,280,,,0,100,,17957,280,,,0,100,,17951,280,,,0,100,,17958,280,,,0,100,,17947,280,,,0,100,,17959,280,,,0,100,,17946,280,,,0
23500,'Fête-1-01',855,,23968,330,,,0,100,,23964,330,,,0,100,,23969,330,,,0,100,,23970,330,,,0,100,,23973,330,,,0,100,,23971,330,,,0,100,,23972,330,,,0,99,,23966,330,,,0,100,,23967,330,,,0,100,,23965,330,,,0,100,,23960,330,,,0,100,,23962,330,,,0,100,,23963,330,,,0,100,,23961,330,,,0,100,,23974,330,,,0
23500,'Fête-2-01',625,,23976,330,,,0,20,,23975,330,,,0,81,,23978,330,,,0,25,,23977,330,,,0,75,,23980,330,,,0,30,,23979,330,,,0,101,,23981,330,,,0,100,,23982,330,,,0,100,,23983,330,,,0,100,,23984,330,,,0,100,,23985,330,,,0,101,,23986,330,,,0,154,,23987,330,,,0,40,,23989,330,,,0,73,,23988,330,,,0,75,,23990,330,,,0,30,,23992,330,,,0,72,,23991,330,,,0,98,,23993,330,,,0,100,,23994,330,,,0,59,,23995,330,,,0,141,,23996,330,,,0
23500,'Semaine-01',625,,23998,330,,,0,20,,23997,330,,,0,81,,24000,330,,,0,25,,23999,330,,,0,75,,24002,330,,,0,30,,24001,330,,,0,101,,24003,330,,,0,100,,24004,330,,,0,100,,24005,330,,,0,100,,24006,330,,,0,100,,24007,330,,,0,101,,24008,330,,,0,154,,24009,330,,,0,40,,24011,330,,,0,73,,24010,330,,,0,75,,24012,330,,,0,30,,24014,330,,,0,72,,24013,330,,,0,98,,24015,330,,,0,100,,24016,330,,,0,59,,24017,330,,,0,141,,24018,330,,,0
23500,'Week-end-01',855,,18188,330,,,0,100,,18184,330,,,0,100,,18189,330,,,0,100,,18190,330,,,0,100,,18193,330,,,0,100,,18191,330,,,0,100,,18192,330,,,0,99,,18186,330,,,0,100,,18187,330,,,0,100,,18185,330,,,0,100,,18180,330,,,0,100,,18182,330,,,0,100,,18183,330,,,0,100,,18181,330,,,0,100,,18194,330,,,0
