24601,'Fête-2-01',601,,24531,470,,,0,47,,24530,470,,,0,90,,24529,470,,,0,93,,24528,470,,,0,89,,24527,470,,,0,698,,24526,470,,,0,92,,24525,470,,,0,91,,24524,470,,,0,53,,24523,470,,,0,86,,24522,470,,,0
24601,'Semaine-01',601,,24541,470,,,0,47,,24540,470,,,0,89,,24539,470,,,0,93,,24538,470,,,0,89,,24537,470,,,0,699,,24536,470,,,0,92,,24535,470,,,0,93,,24534,470,,,0,52,,24533,470,,,0,87,,24532,470,,,0
25001,'Fête-1-01',753,,24752,550,0,31 32,0,100,,24751,550,0,31 32,0,69,,24755,900,,,0,100,,24753,900,,,0,101,,24756,900,,,0,99,,24757,900,,,0,100,,24754,900,,,0,99,,24763,900,,,0,101,,24766,900,,,0,102,,24767,900,,,0,101,,24760,900,,,0,99,,24761,900,,,0,99,,24762,900,,,0,100,,24758,900,,,0,130,,24768,900,,,0,70,,24764,900,,,0
25001,'Fête-2-01',622,,24769,550,0,31 32,0,24,,24770,550,0,31 32,0,73,,24771,550,,,0,21,,24772,900,,,0,66,,24773,900,,,0,39,,24774,900,,,0,79,,24775,900,,,0,23,,24776,900,,,0,73,,24777,900,,,0,100,,24778,900,,,0,103,,24779,900,,,0,100,,24780,900,,,0,101,,24781,900,,,0,101,,24782,900,,,0,112,,24783,900,,,0,82,,24784,900,,,0,36,,24785,900,,,0,62,,24787,900,,,0,27,,24786,900,,,0,66,,24788,900,,,0,31,,24789,900,,,0,79,,24790,900,,,0,30,,24791,900,,,0,106,,24792,900,,,0,75,,24793,900,,,0
25001,'Semaine-01',622,,24796,550,,,0,24,,24797,550,,,0,73,,24798,550,,,0,21,,24799,900,,,0,66,,24800,900,,,0,39,,24801,900,,,0,79,,24802,900,,,0,23,,24803,900,,,0,73,,24804,900,,,0,100,,24805,900,,,0,103,,24806,900,,,0,100,,24807,900,,,0,101,,24808,900,,,0,101,,24809,900,,,0,112,,24810,900,,,0,82,,24811,900,,,0,36,,24812,900,,,0,62,,24814,900,,,0,27,,24813,900,,,0,66,,24815,900,,,0,31,,24816,900,,,0,79,,24817,900,,,0,30,,24818,900,,,0,106,,24819,900,,,0,75,,24820,900,,,0
25001,'Week-end-01',753,,19212,550,0,31 32,0,100,,19196,550,0,31 32,0,69,,19110,900,,,0,100,,19108,900,,,0,101,,19112,900,,,0,99,,19113,900,,,0,100,,19109,900,,,0,99,,19121,900,,,0,101,,19124,900,,,0,102,,19127,900,,,0,101,,19117,900,,,0,99,,19119,900,,,0,99,,19120,900,,,0,100,,19115,900,,,0,130,,19128,900,,,0,70,,19122,900,,,0
70901,'Fête-1-01',625,,26382,480,,,0,30,,26383,480,,,0,70,,26384,480,,,0,30,,26385,480,,,0,70,,26386,480,,,0,15,,26387,480,,,0,71,,26388,480,,,0,30,,26389,480,,,0,70,,26390,480,,,0,31,,26391,480,,,0,71,,26392,480,,,0,30,,26393,480,,,0,70,,26394,480,,,0,30,,26395,480,,,0,70,,26396,480,,,0,30,,26397,480,,,0,70,,26398,480,,,0,30,,26399,480,,,0,70,,26400,480,,,0,30,,26401,480,,,0,70,,26402,480,,,0,30,,26403,480,,,0,70,,26404,480,,,0,30,,26405,480,,,0,70,,26406,480,,,0,30,,26407,480,,,0,70,,26408,480,,,0,30,,26409,480,,,0,70,,26410,480,,,0,30,,26411,480,,,0,70,,26412,480,,,0,30,,26413,480,,,0,70,,26414,480,,,0,31,,26415,480,,,0,70,,26416,480,,,0,30,,26417,480,,,0,111,,26418,480,,,0
70901,'Fête-2-01',456,,26422,480,,,0,70,,26464,480,,,0,20,,26420,480,,,0,10,,26419,480,,,0,63,,26421,480,,,0,20,,26423,480,,,0,20,,26424,480,,,0,67,,26425,480,,,0,12,,26426,480,,,0,21,,26427,480,,,0,50,,26428,480,,,0,10,,26429,480,,,0,20,,26430,480,,,0,10,,26431,480,,,0,54,,26432,480,,,0,13,,26434,480,,,0,15,,26470,480,,,0,15,,26433,480,,,0,70,,26435,480,,,0,15,,26436,480,,,0,22,,26437,510,,,0,70,,26438,510,,,0,15,,26439,510,,,0,15,,26440,510,,,0,55,,26441,510,,,0,15,,26473,510,,,0,15,,26442,510,,,0,15,,26474,510,,,0,70,,26443,510,,,0,15,,26444,510,,,0,15,,26445,510,,,0,70,,26465,510,,,0,30,,26466,510,,,0,70,,26467,510,,,0,16,,26468,510,,,0,16,,26469,510,,,0,89,,26447,510,,,0,15,,26446,510,,,0,68,,26448,510,,,0,15,,26449,510,,,0,63,,26450,510,,,0,14,,26471,510,,,0,13,,26472,510,,,0,14,,26451,510,,,0,59,,26452,510,,,0,14,,26453,510,,,0,15,,26454,510,,,0,22,,26455,480,,,0,70,,26456,480,,,0,15,,26457,480,,,0,68,,26458,480,,,0,30,,26459,480,,,0,69,,26460,480,,,0,44,,26461,480,,,0,99,,26462,480,,,0,108,,26463,480,,,0
70901,'Semaine-01',456,,26485,480,,,0,70,,26534,480,,,0,20,,26482,480,,,0,10,,26475,480,,,0,52,,26483,480,,,0,11,,26484,480,,,0,10,,26486,480,,,0,10,,26487,480,,,0,10,,26488,480,,,0,10,,26489,480,,,0,57,,26490,480,,,0,10,,26491,480,,,0,12,,26492,480,,,0,11,,26493,480,,,0,10,,26494,480,,,0,50,,26495,480,,,0,10,,26496,480,,,0,10,,26497,480,,,0,10,,26498,480,,,0,10,,26499,480,,,0,54,,26500,480,,,0,13,,26502,480,,,0,15,,26541,480,,,0,15,,26501,480,,,0,70,,26503,480,,,0,15,,26504,480,,,0,22,,26505,510,,,0,55,,26481,350,,,0,15,,26506,510,,,0,15,,26507,510,,,0,15,,26508,510,,,0,55,,26509,510,,,0,15,,26544,510,,,0,15,,26510,510,,,0,15,,26545,510,,,0,55,,26476,350,,,0,15,,26511,510,,,0,15,,26512,510,,,0,15,,26513,510,,,0,55,,26477,350,,,0,15,,26536,510,,,0,15,,26478,350,,,0,15,,26537,510,,,0,55,,26479,350,,,0,15,,26538,510,,,0,16,,26539,510,,,0,16,,26540,510,,,0,57,,26480,350,,,0,17,,26535,510,,,0,15,,26515,510,,,0,15,,26514,510,,,0,55,,26516,510,,,0,13,,26517,510,,,0,15,,26518,510,,,0,9,,26519,510,,,0,54,,26520,510,,,0,14,,26542,510,,,0,13,,26543,510,,,0,14,,26521,510,,,0,59,,26522,510,,,0,14,,26523,510,,,0,15,,26524,510,,,0,22,,26525,480,,,0,70,,26526,480,,,0,15,,26527,480,,,0,68,,26528,480,,,0,30,,26529,480,,,0,69,,26530,480,,,0,44,,26531,480,,,0,99,,26532,480,,,0,108,,26533,480,,,0
70901,'Week-end-01',625,,21198,480,,,0,30,,21199,480,,,0,70,,21200,480,,,0,30,,21201,480,,,0,70,,21202,480,,,0,15,,21203,480,,,0,71,,21204,480,,,0,30,,21205,480,,,0,70,,21206,480,,,0,31,,21207,480,,,0,71,,21208,480,,,0,30,,21209,480,,,0,70,,21210,480,,,0,30,,21211,480,,,0,70,,21212,480,,,0,30,,21213,480,,,0,70,,21214,480,,,0,30,,21215,480,,,0,70,,21216,480,,,0,30,,21217,480,,,0,70,,21218,480,,,0,30,,21219,480,,,0,70,,21220,480,,,0,30,,21221,480,,,0,70,,21222,480,,,0,30,,21223,480,,,0,70,,21224,480,,,0,30,,21225,480,,,0,70,,21226,480,,,0,30,,21227,480,,,0,70,,21228,480,,,0,30,,21229,480,,,0,70,,21230,480,,,0,31,,21231,480,,,0,70,,21232,480,,,0,30,,21233,480,,,0,111,,21234,480,,,0
