23001,'Fête-1-01',812,,23712,140,,,0,100,,23724,140,,,0,100,,23713,140,,,0,101,,23718,140,,,0,102,,23725,140,,,0,101,,23719,140,,,0,101,,23720,140,,,0,100,,23721,140,,,0,98,,23723,140,,,0,98,,23716,140,,,0,100,,23717,140,,,0,99,,23722,140,,,0,99,,23715,140,,,0,100,,23714,140,,,0,100,,23711,140,,,0
23001,'Fête-2-01',614,,23734,140,,,0,27,,23727,140,,,0,71,,23728,140,,,0,31,,23729,140,,,0,72,,23730,140,,,0,31,,23731,140,,,0,71,,23732,140,,,0,102,,23733,140,,,0,104,,23742,140,,,0,106,,23743,140,,,0,113,,23744,140,,,0,115,,23745,140,,,0,155,,23747,140,,,0,40,,23739,140,,,0,73,,23740,140,,,0,75,,23741,140,,,0,29,,23738,140,,,0,71,,23746,140,,,0,28,,23737,140,,,0,100,,23736,140,,,0,100,,23735,140,,,0,99,,23726,140,,,0
23001,'Semaine-01',614,,23756,140,,,0,27,,23749,140,,,0,71,,23750,140,,,0,31,,23751,140,,,0,72,,23752,140,,,0,31,,23753,140,,,0,71,,23754,140,,,0,102,,23755,140,,,0,104,,23764,140,,,0,106,,23765,140,,,0,113,,23766,140,,,0,115,,23767,140,,,0,155,,23769,140,,,0,40,,23761,140,,,0,73,,23762,140,,,0,75,,23763,140,,,0,29,,23760,140,,,0,71,,23768,140,,,0,28,,23759,140,,,0,100,,23758,140,,,0,100,,23757,140,,,0,99,,23748,140,,,0
23001,'Week-end-01',812,,17871,140,,,0,100,,17883,140,,,0,100,,17872,140,,,0,101,,17877,140,,,0,102,,17884,140,,,0,101,,17878,140,,,0,101,,17879,140,,,0,100,,17880,140,,,0,98,,17882,140,,,0,98,,17875,140,,,0,100,,17876,140,,,0,99,,17881,140,,,0,99,,17874,140,,,0,100,,17873,140,,,0,100,,17870,140,,,0
23701,'Fête-1-01',905,,24143,30,,,0,98,,24134,30,,,0,100,,24140,30,,,0,100,,24142,30,,,0,100,,24131,30,,,0,100,,24133,30,,,0,100,,24132,30,,,0,100,,24139,30,,,0,100,,24135,30,,,0,100,,24137,30,,,0,100,,24138,30,,,0,101,,24141,30,,,0,100,,24136,30,,,0,100,,24144,30,,,0
23701,'Fête-2-01',556,,24163,30,,,0,76,,24146,30,,,0,20,,24164,30,,,0,84,,24159,30,,,0,90,,24147,30,,,0,107,,24161,30,,,0,103,,24160,30,,,0,100,,24148,30,,,0,100,,24149,30,,,0,100,,24150,30,,,0,100,,24151,30,,,0,97,,24152,30,,,0,169,,24156,30,,,0,37,,24153,30,,,0,117,,24157,30,,,0,145,,24154,30,,,0,100,,24158,30,,,0,108,,24155,30,,,0
23701,'Semaine-01',556,,24182,30,,,0,76,,24165,30,,,0,20,,24183,30,,,0,84,,24178,30,,,0,90,,24166,30,,,0,107,,24180,30,,,0,103,,24179,30,,,0,100,,24167,30,,,0,100,,24168,30,,,0,100,,24169,30,,,0,100,,24170,30,,,0,97,,24171,30,,,0,169,,24175,30,,,0,37,,24172,30,,,0,117,,24176,30,,,0,145,,24173,30,,,0,100,,24177,30,,,0,108,,24174,30,,,0
23701,'Week-end-01',905,,18402,30,,,0,98,,18393,30,,,0,100,,18399,30,,,0,100,,18401,30,,,0,100,,18390,30,,,0,100,,18392,30,,,0,100,,18391,30,,,0,100,,18398,30,,,0,100,,18394,30,,,0,100,,18396,30,,,0,100,,18397,30,,,0,101,,18400,30,,,0,100,,18395,30,,,0,100,,18403,30,,,0
70901,'Fête-1-01',552,,26382,30,,,0,70,,26383,30,,,0,30,,26384,30,,,0,70,,26385,30,,,0,30,,26386,30,,,0,55,,26387,30,,,0,29,,26388,30,,,0,70,,26389,30,,,0,30,,26390,30,,,0,71,,26391,30,,,0,29,,26392,30,,,0,70,,26393,30,,,0,30,,26394,30,,,0,70,,26395,30,,,0,30,,26396,30,,,0,70,,26397,30,,,0,30,,26398,30,,,0,70,,26399,30,,,0,30,,26400,30,,,0,70,,26401,30,,,0,30,,26402,30,,,0,70,,26403,30,,,0,30,,26404,30,,,0,70,,26405,30,,,0,30,,26406,30,,,0,70,,26407,30,,,0,30,,26408,30,,,0,70,,26409,30,,,0,30,,26410,30,,,0,72,,26411,30,,,0,30,,26412,30,,,0,70,,26413,30,,,0,30,,26414,30,,,0,71,,26415,30,,,0,30,,26416,30,,,0,70,,26417,30,,,0,111,,26418,30,,,0
70901,'Fête-2-01',421,,26422,30,,,0,30,,26464,30,,,0,60,,26420,30,,,0,10,,26419,30,,,0,20,,26421,30,,,0,60,,26423,30,,,0,20,,26424,30,,,0,25,,26425,30,,,0,10,,26426,30,,,0,60,,26427,30,,,0,10,,26428,30,,,0,10,,26429,30,,,0,20,,26430,30,,,0,50,,26431,30,,,0,15,,26432,30,,,0,15,,26434,30,,,0,15,,26470,30,,,0,55,,26433,30,,,0,30,,26435,30,,,0,15,,26436,30,,,0,63,,26437,60,,,0,30,,26438,60,,,0,15,,26439,60,,,0,55,,26440,60,,,0,15,,26441,60,,,0,15,,26473,60,,,0,15,,26442,60,,,0,55,,26474,60,,,0,30,,26443,60,,,0,15,,26444,60,,,0,55,,26445,60,,,0,30,,26465,60,,,0,70,,26466,60,,,0,30,,26467,60,,,0,15,,26468,60,,,0,55,,26469,60,,,0,45,,26447,60,,,0,55,,26446,60,,,0,30,,26448,60,,,0,15,,26449,60,,,0,65,,26450,60,,,0,15,,26471,60,,,0,15,,26472,60,,,0,55,,26451,60,,,0,20,,26452,60,,,0,15,,26453,60,,,0,15,,26454,60,,,0,62,,26455,30,,,0,30,,26456,30,,,0,55,,26457,30,,,0,30,,26458,30,,,0,70,,26459,30,,,0,30,,26460,30,,,0,85,,26461,30,,,0,100,,26462,30,,,0,108,,26463,30,,,0
70901,'Semaine-01',421,,26485,30,,,0,30,,26534,30,,,0,60,,26482,30,,,0,10,,26475,30,,,0,10,,26483,30,,,0,10,,26484,30,,,0,10,,26486,30,,,0,50,,26487,30,,,0,10,,26488,30,,,0,10,,26489,30,,,0,15,,26490,30,,,0,10,,26491,30,,,0,10,,26492,30,,,0,50,,26493,30,,,0,10,,26494,30,,,0,10,,26495,30,,,0,10,,26496,30,,,0,10,,26497,30,,,0,10,,26498,30,,,0,50,,26499,30,,,0,15,,26500,30,,,0,15,,26502,30,,,0,15,,26541,30,,,0,55,,26501,30,,,0,30,,26503,30,,,0,15,,26504,30,,,0,63,,26505,60,,,0,30,,26506,60,,,0,15,,26507,60,,,0,55,,26508,60,,,0,15,,26509,60,,,0,15,,26544,60,,,0,15,,26510,60,,,0,55,,26545,60,,,0,30,,26511,60,,,0,15,,26512,60,,,0,55,,26513,60,,,0,30,,26536,60,,,0,70,,26537,60,,,0,30,,26538,60,,,0,15,,26539,60,,,0,55,,26540,60,,,0,30,,26535,60,,,0,15,,26515,60,,,0,55,,26514,60,,,0,15,,26516,60,,,0,15,,26517,60,,,0,15,,26518,60,,,0,50,,26519,60,,,0,15,,26520,60,,,0,15,,26542,60,,,0,15,,26543,60,,,0,55,,26521,60,,,0,20,,26522,60,,,0,15,,26523,60,,,0,15,,26524,60,,,0,62,,26525,30,,,0,30,,26526,30,,,0,55,,26527,30,,,0,30,,26528,30,,,0,70,,26529,30,,,0,30,,26530,30,,,0,85,,26531,30,,,0,100,,26532,30,,,0,108,,26533,30,,,0
70901,'Week-end-01',552,,21198,30,,,0,70,,21199,30,,,0,30,,21200,30,,,0,70,,21201,30,,,0,30,,21202,30,,,0,55,,21203,30,,,0,29,,21204,30,,,0,70,,21205,30,,,0,30,,21206,30,,,0,71,,21207,30,,,0,29,,21208,30,,,0,70,,21209,30,,,0,30,,21210,30,,,0,70,,21211,30,,,0,30,,21212,30,,,0,70,,21213,30,,,0,30,,21214,30,,,0,70,,21215,30,,,0,30,,21216,30,,,0,70,,21217,30,,,0,30,,21218,30,,,0,70,,21219,30,,,0,30,,21220,30,,,0,70,,21221,30,,,0,30,,21222,30,,,0,70,,21223,30,,,0,30,,21224,30,,,0,70,,21225,30,,,0,30,,21226,30,,,0,72,,21227,30,,,0,30,,21228,30,,,0,70,,21229,30,,,0,30,,21230,30,,,0,71,,21231,30,,,0,30,,21232,30,,,0,70,,21233,30,,,0,111,,21234,30,,,0
