25001,'Fête-1-01',720,,24752,200,0,31 32,0,99,,24751,200,0,31 32,0,29,,24755,550,,,0,100,,24753,550,,,0,100,,24756,550,,,0,100,,24757,550,,,0,100,,24754,550,,,0,99,,24763,550,,,0,101,,24766,550,,,0,101,,24767,550,,,0,101,,24760,550,,,0,100,,24761,550,,,0,99,,24762,550,,,0,100,,24758,550,,,0,171,,24768,550,,,0,31,,24764,550,,,0
25001,'Fête-2-01',545,,24769,200,0,31 32,0,64,,24770,200,0,31 32,0,29,,24771,200,,,0,20,,24772,550,,,0,67,,24773,550,,,0,76,,24774,550,,,0,41,,24775,550,,,0,65,,24776,550,,,0,38,,24777,550,,,0,100,,24778,550,,,0,103,,24779,550,,,0,100,,24780,550,,,0,101,,24781,550,,,0,101,,24782,550,,,0,152,,24783,550,,,0,40,,24784,550,,,0,75,,24785,550,,,0,22,,24787,550,,,0,67,,24786,550,,,0,26,,24788,550,,,0,73,,24789,550,,,0,39,,24790,550,,,0,70,,24791,550,,,0,105,,24792,550,,,0,35,,24793,550,,,0
25001,'Semaine-01',545,,24796,200,,,0,64,,24797,200,,,0,29,,24798,200,,,0,20,,24799,550,,,0,67,,24800,550,,,0,76,,24801,550,,,0,41,,24802,550,,,0,65,,24803,550,,,0,38,,24804,550,,,0,100,,24805,550,,,0,103,,24806,550,,,0,100,,24807,550,,,0,101,,24808,550,,,0,101,,24809,550,,,0,152,,24810,550,,,0,40,,24811,550,,,0,75,,24812,550,,,0,22,,24814,550,,,0,67,,24813,550,,,0,26,,24815,550,,,0,73,,24816,550,,,0,39,,24817,550,,,0,70,,24818,550,,,0,105,,24819,550,,,0,35,,24820,550,,,0
25001,'Week-end-01',720,,19212,200,0,31 32,0,99,,19196,200,0,31 32,0,29,,19110,550,,,0,100,,19108,550,,,0,100,,19112,550,,,0,100,,19113,550,,,0,100,,19109,550,,,0,99,,19121,550,,,0,101,,19124,550,,,0,101,,19127,550,,,0,101,,19117,550,,,0,100,,19119,550,,,0,99,,19120,550,,,0,100,,19115,550,,,0,171,,19128,550,,,0,31,,19122,550,,,0
31700,'Fête-2-01',654,,25679,170,,,0,70,,25680,170,,,0,110,,25681,170,,,0,290,,25682,170,,,0,300,,25683,170,,,0
31700,'Semaine-01',654,,25684,170,,,0,70,,25685,170,,,0,110,,25686,170,,,0,290,,25687,170,,,0,300,,25688,170,,,0
31701,'Fête-2-01',1235,,25691,180,,,0,270,,25696,180,,,0,100,,25692,180,,,0,130,,25693,180,,,0,100,,25694,180,,,0,475,,25695,180,,,0
31701,'Semaine-01',1235,,25697,180,,,0,270,,25702,180,,,0,100,,25698,180,,,0,130,,25699,180,,,0,100,,25700,180,,,0,475,,25701,180,,,0
51401,'Fête-2-01',533,,25719,210,,,0,95,,25720,210,,,0,74,,25721,210,,,0
51401,'Semaine-01',533,,25722,210,,,0,95,,25723,210,,,0,74,,25724,210,,,0
