25001,'Fête-1-01',717,,24752,130,0,31 32,0,99,,24751,130,0,31 32,0,29,,24755,480,,,0,100,,24753,480,,,0,100,,24756,480,,,0,100,,24757,480,,,0,100,,24754,480,,,0,99,,24763,480,,,0,101,,24766,480,,,0,101,,24767,480,,,0,101,,24760,480,,,0,100,,24761,480,,,0,99,,24762,480,,,0,100,,24758,480,,,0,170,,24768,480,,,0,31,,24764,480,,,0,101,,24765,480,,,0,100,,24759,480,,,0
25001,'Fête-2-01',541,,24769,130,0,31 32,0,64,,24770,130,0,31 32,0,29,,24771,130,,,0,20,,24772,480,,,0,67,,24773,480,,,0,36,,24774,480,,,0,81,,24775,480,,,0,65,,24776,480,,,0,38,,24777,480,,,0,100,,24778,480,,,0,103,,24779,480,,,0,100,,24780,480,,,0,101,,24781,480,,,0,101,,24782,480,,,0,112,,24783,480,,,0,80,,24784,480,,,0,75,,24785,480,,,0,22,,24787,480,,,0,67,,24786,480,,,0,26,,24788,480,,,0,74,,24789,480,,,0,39,,24790,480,,,0,70,,24791,480,,,0,105,,24792,480,,,0,35,,24793,480,,,0,100,,24794,480,0,8 76 19,0,98,,24795,480,0,8 76 19,0
25001,'Semaine-01',541,,24796,130,0,31 32,0,64,,24797,130,0,31 32,0,29,,24798,130,,,0,20,,24799,480,,,0,67,,24800,480,,,0,36,,24801,480,,,0,81,,24802,480,,,0,65,,24803,480,,,0,38,,24804,480,,,0,100,,24805,480,,,0,103,,24806,480,,,0,100,,24807,480,,,0,101,,24808,480,,,0,101,,24809,480,,,0,112,,24810,480,,,0,80,,24811,480,,,0,75,,24812,480,,,0,22,,24814,480,,,0,67,,24813,480,,,0,26,,24815,480,,,0,74,,24816,480,,,0,39,,24817,480,,,0,70,,24818,480,,,0,105,,24819,480,,,0,35,,24820,480,,,0,100,,24821,480,0,8 76 19,0,98,,24822,480,0,8 76 19,0
25001,'Week-end-01',717,,19212,130,0,31 32,0,99,,19196,130,0,31 32,0,29,,19110,480,,,0,100,,19108,480,,,0,100,,19112,480,,,0,100,,19113,480,,,0,100,,19109,480,,,0,99,,19121,480,,,0,101,,19124,480,,,0,101,,19127,480,,,0,101,,19117,480,,,0,100,,19119,480,,,0,99,,19120,480,,,0,100,,19115,480,,,0,170,,19128,480,,,0,31,,19122,480,,,0,101,,19123,480,,,0,100,,19116,480,,,0
31700,'Fête-2-01',652,,25679,100,,,0,70,,25680,100,,,0,110,,25681,100,,,0,290,,25682,100,,,0,300,,25683,100,,,0
31700,'Semaine-01',652,,25684,100,,,0,70,,25685,100,,,0,110,,25686,100,,,0,290,,25687,100,,,0,300,,25688,100,,,0
31701,'Fête-2-01',1233,,25691,110,,,0,270,,25696,110,,,0,100,,25692,110,,,0,130,,25693,110,,,0,100,,25694,110,,,0,475,,25695,110,,,0
31701,'Semaine-01',1233,,25697,110,,,0,270,,25702,110,,,0,100,,25698,110,,,0,130,,25699,110,,,0,100,,25700,110,,,0,475,,25701,110,,,0
51401,'Fête-2-01',530,,25719,140,,,0,95,,25720,140,,,0,34,,25721,140,,,0
51401,'Semaine-01',530,,25722,140,,,0,95,,25723,140,,,0,34,,25724,140,,,0
