25001,'Fête-1-01',716,,24752,120,0,31 32,0,99,,24751,120,0,31 32,0,29,,24755,470,,,0,100,,24753,470,,,0,100,,24756,470,,,0,100,,24757,470,,,0,100,,24754,470,,,0,100,,24763,470,,,0,101,,24766,470,,,0,101,,24767,470,,,0,100,,24760,470,,,0,101,,24761,470,,,0,98,,24762,470,,,0,100,,24758,470,,,0,171,,24768,470,,,0,31,,24764,470,,,0,101,,24765,470,,,0,100,,24759,470,,,0
25001,'Fête-2-01',541,,24769,120,0,31 32,0,64,,24770,120,0,31 32,0,29,,24771,120,,,0,20,,24772,470,,,0,67,,24773,470,,,0,36,,24774,470,,,0,81,,24775,470,,,0,65,,24776,470,,,0,38,,24777,470,,,0,100,,24778,470,,,0,103,,24779,470,,,0,100,,24780,470,,,0,101,,24781,470,,,0,101,,24782,470,,,0,112,,24783,470,,,0,80,,24784,470,,,0,75,,24785,470,,,0,22,,24787,470,,,0,67,,24786,470,,,0,26,,24788,470,,,0,73,,24789,470,,,0,39,,24790,470,,,0,70,,24791,470,,,0,105,,24792,470,,,0,35,,24793,470,,,0,100,,24794,470,0,8 76 19,0,98,,24795,470,0,8 76 19,0
25001,'Semaine-01',541,,24796,120,0,31 32,0,64,,24797,120,0,31 32,0,29,,24798,120,,,0,20,,24799,470,,,0,67,,24800,470,,,0,36,,24801,470,,,0,81,,24802,470,,,0,65,,24803,470,,,0,38,,24804,470,,,0,100,,24805,470,,,0,103,,24806,470,,,0,100,,24807,470,,,0,101,,24808,470,,,0,101,,24809,470,,,0,112,,24810,470,,,0,80,,24811,470,,,0,75,,24812,470,,,0,22,,24814,470,,,0,67,,24813,470,,,0,26,,24815,470,,,0,73,,24816,470,,,0,39,,24817,470,,,0,70,,24818,470,,,0,105,,24819,470,,,0,35,,24820,470,,,0,100,,24821,470,0,8 76 19,0,98,,24822,470,0,8 76 19,0
25001,'Week-end-01',716,,19212,120,0,31 32,0,99,,19196,120,0,31 32,0,29,,19110,470,,,0,100,,19108,470,,,0,100,,19112,470,,,0,100,,19113,470,,,0,100,,19109,470,,,0,100,,19121,470,,,0,101,,19124,470,,,0,101,,19127,470,,,0,100,,19117,470,,,0,101,,19119,470,,,0,98,,19120,470,,,0,100,,19115,470,,,0,171,,19128,470,,,0,31,,19122,470,,,0,101,,19123,470,,,0,100,,19116,470,,,0
31700,'Fête-2-01',652,,25679,90,,,0,70,,25680,90,,,0,110,,25681,90,,,0,290,,25682,90,,,0,300,,25683,90,,,0
31700,'Semaine-01',652,,25684,90,,,0,70,,25685,90,,,0,110,,25686,90,,,0,290,,25687,90,,,0,300,,25688,90,,,0
31701,'Fête-2-01',1233,,25691,100,,,0,270,,25696,100,,,0,100,,25692,100,,,0,130,,25693,100,,,0,100,,25694,100,,,0,475,,25695,100,,,0
31701,'Semaine-01',1233,,25697,100,,,0,270,,25702,100,,,0,100,,25698,100,,,0,130,,25699,100,,,0,100,,25700,100,,,0,475,,25701,100,,,0
51401,'Fête-2-01',529,,25719,130,,,0,95,,25720,130,,,0,34,,25721,130,,,0
51401,'Semaine-01',529,,25722,130,,,0,95,,25723,130,,,0,34,,25724,130,,,0
