24601,'Fête-2-01',558,,24531,430,,,0,87,,24530,430,,,0,90,,24529,430,,,0,93,,24528,430,,,0,89,,24527,430,,,0,698,,24526,430,,,0,92,,24525,430,,,0,51,,24524,430,,,0,93,,24523,430,,,0,86,,24522,430,,,0
24601,'Semaine-01',558,,24541,430,,,0,87,,24540,430,,,0,89,,24539,430,,,0,93,,24538,430,,,0,89,,24537,430,,,0,699,,24536,430,,,0,92,,24535,430,,,0,93,,24534,430,,,0,52,,24533,430,,,0,87,,24532,430,,,0
25001,'Fête-1-01',750,,24752,510,0,31 32,0,100,,24751,510,0,31 32,0,69,,24755,860,,,0,100,,24753,860,,,0,101,,24756,860,,,0,99,,24757,860,,,0,100,,24754,860,,,0,99,,24763,860,,,0,101,,24766,860,,,0,103,,24767,860,,,0,101,,24760,860,,,0,99,,24761,860,,,0,99,,24762,860,,,0,100,,24758,860,,,0,130,,24768,860,,,0,70,,24764,860,,,0
25001,'Fête-2-01',619,,24769,510,0,31 32,0,24,,24770,510,0,31 32,0,73,,24771,510,,,0,21,,24772,860,,,0,66,,24773,860,,,0,39,,24774,860,,,0,79,,24775,860,,,0,23,,24776,860,,,0,73,,24777,860,,,0,100,,24778,860,,,0,103,,24779,860,,,0,100,,24780,860,,,0,101,,24781,860,,,0,101,,24782,860,,,0,112,,24783,860,,,0,82,,24784,860,,,0,36,,24785,860,,,0,62,,24787,860,,,0,27,,24786,860,,,0,66,,24788,860,,,0,32,,24789,860,,,0,79,,24790,860,,,0,30,,24791,860,,,0,105,,24792,860,,,0,75,,24793,860,,,0
25001,'Semaine-01',619,,24796,510,,,0,24,,24797,510,,,0,73,,24798,510,,,0,21,,24799,860,,,0,66,,24800,860,,,0,39,,24801,860,,,0,79,,24802,860,,,0,23,,24803,860,,,0,73,,24804,860,,,0,100,,24805,860,,,0,103,,24806,860,,,0,100,,24807,860,,,0,101,,24808,860,,,0,101,,24809,860,,,0,112,,24810,860,,,0,82,,24811,860,,,0,36,,24812,860,,,0,62,,24814,860,,,0,27,,24813,860,,,0,66,,24815,860,,,0,32,,24816,860,,,0,79,,24817,860,,,0,30,,24818,860,,,0,105,,24819,860,,,0,75,,24820,860,,,0
25001,'Week-end-01',750,,19212,510,0,31 32,0,100,,19196,510,0,31 32,0,69,,19110,860,,,0,100,,19108,860,,,0,101,,19112,860,,,0,99,,19113,860,,,0,100,,19109,860,,,0,99,,19121,860,,,0,101,,19124,860,,,0,103,,19127,860,,,0,101,,19117,860,,,0,99,,19119,860,,,0,99,,19120,860,,,0,100,,19115,860,,,0,130,,19128,860,,,0,70,,19122,860,,,0
25101,'Fête-1-01',738,,24823,50,0,31 32,0,93,,24838,390,,,0,100,,24836,390,,,0,100,,24839,390,,,0,100,,24835,390,,,0,100,,24834,390,,,0,100,,24837,390,,,0,100,,24830,390,,,0,100,,24833,390,,,0,100,,24829,390,,,0,100,,24831,390,,,0,100,,24827,390,,,0,99,,24832,390,,,0,100,,24824,390,,,0,100,,24825,390,,,0,100,,24826,390,,,0
25101,'Fête-2-01',927,,24841,390,,,0,100,,24840,390,,,0,100,,24848,390,,,0,100,,24845,390,,,0,100,,24847,390,,,0,100,,24843,390,,,0,615,,24846,390,,,0,97,,24844,390,,,0,98,,24842,390,,,0
25101,'Semaine-01',927,,24850,390,,,0,100,,24849,390,,,0,100,,24857,390,,,0,100,,24854,390,,,0,100,,24856,390,,,0,100,,24852,390,,,0,615,,24855,390,,,0,97,,24853,390,,,0,98,,24851,390,,,0
25101,'Week-end-01',738,,19252,50,0,31 32,0,93,,19267,390,,,0,100,,19265,390,,,0,100,,19268,390,,,0,100,,19264,390,,,0,100,,19263,390,,,0,100,,19266,390,,,0,100,,19259,390,,,0,100,,19262,390,,,0,100,,19258,390,,,0,100,,19260,390,,,0,100,,19256,390,,,0,99,,19261,390,,,0,100,,19253,390,,,0,100,,19254,390,,,0,100,,19255,390,,,0
70901,'Fête-1-01',623,,26382,440,,,0,30,,26383,440,,,0,70,,26384,440,,,0,30,,26385,440,,,0,70,,26386,440,,,0,15,,26387,440,,,0,71,,26388,440,,,0,30,,26389,440,,,0,70,,26390,440,,,0,31,,26391,440,,,0,71,,26392,440,,,0,30,,26393,440,,,0,70,,26394,440,,,0,30,,26395,440,,,0,70,,26396,440,,,0,30,,26397,440,,,0,70,,26398,440,,,0,30,,26399,440,,,0,70,,26400,440,,,0,30,,26401,440,,,0,70,,26402,440,,,0,30,,26403,440,,,0,70,,26404,440,,,0,30,,26405,440,,,0,70,,26406,440,,,0,30,,26407,440,,,0,70,,26408,440,,,0,30,,26409,440,,,0,70,,26410,440,,,0,30,,26411,440,,,0,70,,26412,440,,,0,30,,26413,440,,,0,70,,26414,440,,,0,31,,26415,440,,,0,70,,26416,440,,,0,30,,26417,440,,,0,111,,26418,440,,,0
70901,'Fête-2-01',454,,26422,440,,,0,70,,26464,440,,,0,20,,26420,440,,,0,10,,26419,440,,,0,62,,26421,440,,,0,20,,26423,440,,,0,20,,26424,440,,,0,67,,26425,440,,,0,12,,26426,440,,,0,21,,26427,440,,,0,50,,26428,440,,,0,10,,26429,440,,,0,20,,26430,440,,,0,10,,26431,440,,,0,54,,26432,440,,,0,13,,26434,440,,,0,15,,26470,440,,,0,15,,26433,440,,,0,70,,26435,440,,,0,15,,26436,440,,,0,22,,26437,470,,,0,70,,26438,470,,,0,15,,26439,470,,,0,15,,26440,470,,,0,55,,26441,470,,,0,15,,26473,470,,,0,15,,26442,470,,,0,15,,26474,470,,,0,70,,26443,470,,,0,15,,26444,470,,,0,15,,26445,470,,,0,70,,26465,470,,,0,30,,26466,470,,,0,70,,26467,470,,,0,16,,26468,470,,,0,16,,26469,470,,,0,89,,26447,470,,,0,15,,26446,470,,,0,68,,26448,470,,,0,15,,26449,470,,,0,64,,26450,470,,,0,14,,26471,470,,,0,13,,26472,470,,,0,14,,26451,470,,,0,59,,26452,470,,,0,14,,26453,470,,,0,15,,26454,470,,,0,22,,26455,440,,,0,70,,26456,440,,,0,15,,26457,440,,,0,68,,26458,440,,,0,30,,26459,440,,,0,69,,26460,440,,,0,44,,26461,440,,,0,99,,26462,440,,,0,108,,26463,440,,,0
70901,'Semaine-01',454,,26485,440,,,0,70,,26534,440,,,0,20,,26482,440,,,0,10,,26475,440,,,0,51,,26483,440,,,0,11,,26484,440,,,0,10,,26486,440,,,0,10,,26487,440,,,0,10,,26488,440,,,0,10,,26489,440,,,0,57,,26490,440,,,0,10,,26491,440,,,0,12,,26492,440,,,0,11,,26493,440,,,0,10,,26494,440,,,0,50,,26495,440,,,0,10,,26496,440,,,0,10,,26497,440,,,0,10,,26498,440,,,0,10,,26499,440,,,0,54,,26500,440,,,0,13,,26502,440,,,0,15,,26541,440,,,0,15,,26501,440,,,0,70,,26503,440,,,0,15,,26504,440,,,0,22,,26505,470,,,0,55,,26481,310,,,0,15,,26506,470,,,0,15,,26507,470,,,0,15,,26508,470,,,0,55,,26509,470,,,0,15,,26544,470,,,0,15,,26510,470,,,0,15,,26545,470,,,0,55,,26476,310,,,0,15,,26511,470,,,0,15,,26512,470,,,0,15,,26513,470,,,0,55,,26477,310,,,0,15,,26536,470,,,0,15,,26478,310,,,0,15,,26537,470,,,0,55,,26479,310,,,0,15,,26538,470,,,0,16,,26539,470,,,0,16,,26540,470,,,0,57,,26480,310,,,0,17,,26535,470,,,0,15,,26515,470,,,0,15,,26514,470,,,0,55,,26516,470,,,0,13,,26517,470,,,0,15,,26518,470,,,0,9,,26519,470,,,0,55,,26520,470,,,0,14,,26542,470,,,0,13,,26543,470,,,0,14,,26521,470,,,0,59,,26522,470,,,0,14,,26523,470,,,0,15,,26524,470,,,0,22,,26525,440,,,0,70,,26526,440,,,0,15,,26527,440,,,0,68,,26528,440,,,0,30,,26529,440,,,0,69,,26530,440,,,0,44,,26531,440,,,0,99,,26532,440,,,0,108,,26533,440,,,0
70901,'Week-end-01',623,,21198,440,,,0,30,,21199,440,,,0,70,,21200,440,,,0,30,,21201,440,,,0,70,,21202,440,,,0,15,,21203,440,,,0,71,,21204,440,,,0,30,,21205,440,,,0,70,,21206,440,,,0,31,,21207,440,,,0,71,,21208,440,,,0,30,,21209,440,,,0,70,,21210,440,,,0,30,,21211,440,,,0,70,,21212,440,,,0,30,,21213,440,,,0,70,,21214,440,,,0,30,,21215,440,,,0,70,,21216,440,,,0,30,,21217,440,,,0,70,,21218,440,,,0,30,,21219,440,,,0,70,,21220,440,,,0,30,,21221,440,,,0,70,,21222,440,,,0,30,,21223,440,,,0,70,,21224,440,,,0,30,,21225,440,,,0,70,,21226,440,,,0,30,,21227,440,,,0,70,,21228,440,,,0,30,,21229,440,,,0,70,,21230,440,,,0,31,,21231,440,,,0,70,,21232,440,,,0,30,,21233,440,,,0,111,,21234,440,,,0
