25001,'Fête-1-01',718,,24752,160,0,31 32,0,99,,24751,160,0,31 32,0,29,,24755,510,,,0,100,,24753,510,,,0,100,,24756,510,,,0,100,,24757,510,,,0,100,,24754,510,,,0,99,,24763,510,,,0,101,,24766,510,,,0,101,,24767,510,,,0,101,,24760,510,,,0,100,,24761,510,,,0,99,,24762,510,,,0,100,,24758,510,,,0,171,,24768,510,,,0,31,,24764,510,,,0,101,,24765,510,,,0,100,,24759,510,,,0
25001,'Fête-2-01',543,,24769,160,0,31 32,0,64,,24770,160,0,31 32,0,29,,24771,160,,,0,20,,24772,510,,,0,67,,24773,510,,,0,36,,24774,510,,,0,81,,24775,510,,,0,65,,24776,510,,,0,38,,24777,510,,,0,100,,24778,510,,,0,103,,24779,510,,,0,100,,24780,510,,,0,101,,24781,510,,,0,101,,24782,510,,,0,152,,24783,510,,,0,40,,24784,510,,,0,75,,24785,510,,,0,22,,24787,510,,,0,67,,24786,510,,,0,26,,24788,510,,,0,73,,24789,510,,,0,39,,24790,510,,,0,70,,24791,510,,,0,105,,24792,510,,,0,35,,24793,510,,,0,100,,24794,510,0,8 76 19,0,98,,24795,510,0,8 76 19,0
25001,'Semaine-01',543,,24796,160,,,0,64,,24797,160,,,0,29,,24798,160,,,0,20,,24799,510,,,0,67,,24800,510,,,0,36,,24801,510,,,0,81,,24802,510,,,0,65,,24803,510,,,0,38,,24804,510,,,0,100,,24805,510,,,0,103,,24806,510,,,0,100,,24807,510,,,0,101,,24808,510,,,0,101,,24809,510,,,0,152,,24810,510,,,0,40,,24811,510,,,0,75,,24812,510,,,0,22,,24814,510,,,0,67,,24813,510,,,0,26,,24815,510,,,0,73,,24816,510,,,0,39,,24817,510,,,0,70,,24818,510,,,0,105,,24819,510,,,0,35,,24820,510,,,0,100,,24821,510,0,8 76 19,0,98,,24822,510,0,8 76 19,0
25001,'Week-end-01',718,,19212,160,0,31 32,0,99,,19196,160,0,31 32,0,29,,19110,510,,,0,100,,19108,510,,,0,100,,19112,510,,,0,100,,19113,510,,,0,100,,19109,510,,,0,99,,19121,510,,,0,101,,19124,510,,,0,101,,19127,510,,,0,101,,19117,510,,,0,100,,19119,510,,,0,99,,19120,510,,,0,100,,19115,510,,,0,171,,19128,510,,,0,31,,19122,510,,,0,101,,19123,510,,,0,100,,19116,510,,,0
31700,'Fête-2-01',653,,25679,130,,,0,70,,25680,130,,,0,110,,25681,130,,,0,290,,25682,130,,,0,300,,25683,130,,,0
31700,'Semaine-01',653,,25684,130,,,0,70,,25685,130,,,0,110,,25686,130,,,0,290,,25687,130,,,0,300,,25688,130,,,0
31701,'Fête-2-01',1234,,25691,140,,,0,270,,25696,140,,,0,100,,25692,140,,,0,130,,25693,140,,,0,100,,25694,140,,,0,475,,25695,140,,,0
31701,'Semaine-01',1234,,25697,140,,,0,270,,25702,140,,,0,100,,25698,140,,,0,130,,25699,140,,,0,100,,25700,140,,,0,475,,25701,140,,,0
51401,'Fête-2-01',531,,25719,170,,,0,95,,25720,170,,,0,74,,25721,170,,,0
51401,'Semaine-01',531,,25722,170,,,0,95,,25723,170,,,0,74,,25724,170,,,0
