25001,'Fête-1-01',715,,24752,100,0,31 32,0,99,,24751,100,0,31 32,0,29,,24755,450,,,0,100,,24753,450,,,0,100,,24756,450,,,0,100,,24757,450,,,0,100,,24754,450,,,0,99,,24763,450,,,0,101,,24766,450,,,0,101,,24767,450,,,0,101,,24760,450,,,0,100,,24761,450,,,0,99,,24762,450,,,0,100,,24758,450,,,0,170,,24768,450,,,0,31,,24764,450,,,0,101,,24765,450,,,0,100,,24759,450,,,0
25001,'Fête-2-01',539,,24769,100,0,31 32,0,64,,24770,100,0,31 32,0,29,,24771,100,,,0,20,,24772,450,,,0,67,,24773,450,,,0,36,,24774,450,,,0,81,,24775,450,,,0,65,,24776,450,,,0,38,,24777,450,,,0,100,,24778,450,,,0,103,,24779,450,,,0,100,,24780,450,,,0,101,,24781,450,,,0,101,,24782,450,,,0,112,,24783,450,,,0,80,,24784,450,,,0,75,,24785,450,,,0,22,,24787,450,,,0,67,,24786,450,,,0,26,,24788,450,,,0,74,,24789,450,,,0,39,,24790,450,,,0,70,,24791,450,,,0,105,,24792,450,,,0,35,,24793,450,,,0,100,,24794,450,0,8 76 19,0,98,,24795,450,0,8 76 19,0
25001,'Semaine-01',539,,24796,100,0,31 32,0,64,,24797,100,0,31 32,0,29,,24798,100,,,0,20,,24799,450,,,0,67,,24800,450,,,0,36,,24801,450,,,0,81,,24802,450,,,0,65,,24803,450,,,0,38,,24804,450,,,0,100,,24805,450,,,0,103,,24806,450,,,0,100,,24807,450,,,0,101,,24808,450,,,0,101,,24809,450,,,0,112,,24810,450,,,0,80,,24811,450,,,0,75,,24812,450,,,0,22,,24814,450,,,0,67,,24813,450,,,0,26,,24815,450,,,0,74,,24816,450,,,0,39,,24817,450,,,0,70,,24818,450,,,0,105,,24819,450,,,0,35,,24820,450,,,0,100,,24821,450,0,8 76 19,0,98,,24822,450,0,8 76 19,0
25001,'Week-end-01',715,,19212,100,0,31 32,0,99,,19196,100,0,31 32,0,29,,19110,450,,,0,100,,19108,450,,,0,100,,19112,450,,,0,100,,19113,450,,,0,100,,19109,450,,,0,99,,19121,450,,,0,101,,19124,450,,,0,101,,19127,450,,,0,101,,19117,450,,,0,100,,19119,450,,,0,99,,19120,450,,,0,100,,19115,450,,,0,170,,19128,450,,,0,31,,19122,450,,,0,101,,19123,450,,,0,100,,19116,450,,,0
31700,'Fête-2-01',651,,25679,70,,,0,70,,25680,70,,,0,110,,25681,70,,,0,290,,25682,70,,,0,300,,25683,70,,,0
31700,'Semaine-01',651,,25684,70,,,0,70,,25685,70,,,0,110,,25686,70,,,0,290,,25687,70,,,0,300,,25688,70,,,0
31701,'Fête-2-01',1232,,25691,80,,,0,270,,25696,80,,,0,100,,25692,80,,,0,130,,25693,80,,,0,100,,25694,80,,,0,475,,25695,80,,,0
31701,'Semaine-01',1232,,25697,80,,,0,270,,25702,80,,,0,100,,25698,80,,,0,130,,25699,80,,,0,100,,25700,80,,,0,475,,25701,80,,,0
51401,'Fête-2-01',528,,25719,110,,,0,95,,25720,110,,,0,34,,25721,110,,,0
51401,'Semaine-01',528,,25722,110,,,0,95,,25723,110,,,0,34,,25724,110,,,0
