22001,'Fête-1-01',750,,23271,30,,,0,200,,23268,30,,,0,200,,23266,30,,,0,200,,23267,30,,,0,200,,23265,30,,,0,200,,23270,30,,,0,200,,23269,30,,,0,200,,23264,30,0,8 20 1 21,0
22001,'Fête-2-01',550,,23274,30,,,0,70,,23275,30,,,0,30,,23276,30,,,0,70,,23277,30,,,0,30,,23278,30,,,0,70,,23279,30,,,0,100,,23280,30,,,0,100,,23281,30,,,0,100,,23282,30,,,0,100,,23283,30,,,0,100,,23284,30,,,0,100,,23285,30,,,0,100,,23286,30,,,0,100,,23287,30,,,0,30,,23288,30,,,0,70,,23289,30,,,0,30,,23290,30,,,0,70,,23291,30,,,0,30,,23292,30,,,0,70,,23293,30,,,0,100,,23294,30,,,0,100,,23295,30,,,0,100,,23296,30,,,0,100,,23297,30,0,8 20 1 21,0
22001,'Semaine-01',550,,23300,30,,,0,70,,23301,30,,,0,30,,23302,30,,,0,70,,23303,30,,,0,30,,23304,30,,,0,70,,23305,30,,,0,100,,23306,30,,,0,100,,23307,30,,,0,100,,23308,30,,,0,100,,23309,30,,,0,100,,23310,30,,,0,100,,23311,30,,,0,100,,23312,30,,,0,100,,23313,30,,,0,30,,23314,30,,,0,70,,23315,30,,,0,30,,23316,30,,,0,70,,23317,30,,,0,30,,23318,30,,,0,70,,23319,30,,,0,100,,23320,30,,,0,100,,23321,30,,,0,100,,23322,30,,,0,100,,23323,30,0,8 20 1 21,0
22001,'Week-end-01',750,,17356,30,,,0,200,,17353,30,,,0,200,,17351,30,,,0,200,,17352,30,,,0,200,,17350,30,,,0,200,,17355,30,,,0,200,,17354,30,,,0,200,,17349,30,0,8 20 1 21,0
22101,'Fête-1-01',850,,23324,30,,,0,200,,23328,30,,,0,200,,23329,30,,,0,200,,23330,30,,,0,200,,23325,30,,,0,200,,23327,30,,,0,200,,23326,30,,,0
22101,'Fête-2-01',605,,23334,30,,,0,30,,23331,30,,,0,70,,23335,30,,,0,30,,23336,30,,,0,70,,23337,30,,,0,45,,23338,30,,,0,100,,23339,30,,,0,100,,23340,30,,,0,100,,23341,30,,,0,100,,23342,30,,,0,100,,23343,30,,,0,100,,23344,30,,,0,100,,23345,30,,,0,85,,23346,30,,,0,70,,23347,30,,,0,30,,23348,30,,,0,70,,23349,30,,,0,30,,23350,30,,,0,70,,23351,30,,,0,45,,23352,30,,,0,100,,23353,30,,,0,100,,23354,30,,,0
22101,'Semaine-01',605,,23358,30,,,0,30,,23355,30,,,0,70,,23359,30,,,0,30,,23360,30,,,0,70,,23361,30,,,0,45,,23362,30,,,0,100,,23363,30,,,0,100,,23364,30,,,0,100,,23365,30,,,0,100,,23366,30,,,0,100,,23367,30,,,0,100,,23368,30,,,0,100,,23369,30,,,0,85,,23370,30,,,0,70,,23371,30,,,0,30,,23372,30,,,0,70,,23373,30,,,0,30,,23374,30,,,0,70,,23375,30,,,0,45,,23376,30,,,0,100,,23377,30,,,0,100,,23378,30,,,0
22101,'Week-end-01',850,,17412,30,,,0,200,,17416,30,,,0,200,,17417,30,,,0,200,,17418,30,,,0,200,,17413,30,,,0,200,,17415,30,,,0,200,,17414,30,,,0
22201,'Fête-1-01',746,,23393,30,,,0,100,,23381,30,,,0,100,,23380,30,,,0,100,,23379,30,,,0,100,,23382,30,,,0,100,,23383,30,,,0,100,,23384,30,,,0,100,,23385,30,,,0,100,,23386,30,,,0,100,,23387,30,,,0,100,,23388,30,,,0,100,,23389,30,,,0,100,,23390,30,,,0,100,,23391,30,,,0,99,,23392,30,0,8 6 22,0
22201,'Fête-2-01',535,,23411,30,,,0,80,,23394,30,,,0,30,,23412,30,,,0,80,,23395,30,,,0,80,,23396,30,,,0,110,,23397,30,,,0,100,,23398,30,,,0,100,,23399,30,,,0,100,,23400,30,,,0,100,,23401,30,,,0,100,,23402,30,,,0,100,,23403,30,,,0,100,,23404,30,,,0,40,,23413,30,,,0,75,,23405,30,,,0,80,,23406,30,,,0,105,,23407,30,,,0,100,,23408,30,,,0,100,,23409,30,,,0,100,,23410,30,0,8 6 22,0
22201,'Semaine-01',535,,23432,30,,,0,80,,23415,30,,,0,30,,23433,30,,,0,80,,23416,30,,,0,80,,23417,30,,,0,110,,23418,30,,,0,100,,23419,30,,,0,100,,23420,30,,,0,100,,23421,30,,,0,100,,23422,30,,,0,100,,23423,30,,,0,100,,23424,30,,,0,100,,23425,30,,,0,40,,23434,30,,,0,75,,23426,30,,,0,80,,23427,30,,,0,105,,23428,30,,,0,100,,23429,30,,,0,100,,23430,30,,,0,100,,23431,30,0,8 6 22,0
22201,'Week-end-01',746,,17490,30,,,0,100,,17478,30,,,0,100,,17477,30,,,0,100,,17476,30,,,0,100,,17479,30,,,0,100,,17480,30,,,0,100,,17481,30,,,0,100,,17482,30,,,0,100,,17483,30,,,0,100,,17484,30,,,0,100,,17485,30,,,0,100,,17486,30,,,0,100,,17487,30,,,0,100,,17488,30,,,0,99,,17489,30,0,8 6 22,0
22600,'Fête-1-01',750,,23493,30,,,0,200,,23487,30,,,0,200,,23488,30,,,0,200,,23489,30,,,0,200,,23490,30,,,0,200,,23494,30,,,0,200,,23491,30,,,0,200,,23492,30,0,8 33 1 34,0
22600,'Fête-2-01',605,,23495,30,,,0,30,,23496,30,,,0,75,,23497,30,,,0,40,,23498,30,,,0,80,,23499,30,,,0,90,,23500,30,,,0,100,,23501,30,,,0,100,,23502,30,,,0,100,,23503,30,,,0,100,,23504,30,,,0,100,,23505,30,,,0,100,,23506,30,,,0,100,,23507,30,,,0,80,,23508,30,,,0,40,,23509,30,,,0,80,,23510,30,,,0,30,,23511,30,,,0,70,,23512,30,,,0,100,,23513,30,,,0,100,,23514,30,,,0,100,,23515,30,,,0,100,,23516,30,,,0
22600,'Semaine-01',605,,23519,30,,,0,30,,23520,30,,,0,75,,23521,30,,,0,40,,23522,30,,,0,80,,23523,30,,,0,90,,23524,30,,,0,100,,23525,30,,,0,100,,23526,30,,,0,100,,23527,30,,,0,100,,23528,30,,,0,100,,23529,30,,,0,100,,23530,30,,,0,100,,23531,30,,,0,80,,23532,30,,,0,40,,23533,30,,,0,80,,23534,30,,,0,30,,23535,30,,,0,70,,23536,30,,,0,100,,23537,30,,,0,100,,23538,30,,,0,100,,23539,30,,,0,100,,23540,30,,,0
22600,'Week-end-01',750,,17611,30,,,0,200,,17605,30,,,0,200,,17606,30,,,0,200,,17607,30,,,0,200,,17608,30,,,0,200,,17612,30,,,0,200,,17609,30,,,0,200,,17610,30,0,8 33 1 34,0
40500,'Semaine-01',645,,25704,30,,,0,100,,25705,30,,,0,910,,25706,30,,,0
