25001,'Fête-1-01',720,,24752,210,0,31 32,0,99,,24751,210,0,31 32,0,29,,24755,560,,,0,100,,24753,560,,,0,100,,24756,560,,,0,100,,24757,560,,,0,100,,24754,560,,,0,99,,24763,560,,,0,101,,24766,560,,,0,101,,24767,560,,,0,101,,24760,560,,,0,100,,24761,560,,,0,99,,24762,560,,,0,100,,24758,560,,,0,171,,24768,560,,,0,31,,24764,560,,,0
25001,'Fête-2-01',545,,24769,210,0,31 32,0,64,,24770,210,0,31 32,0,29,,24771,210,,,0,20,,24772,560,,,0,67,,24773,560,,,0,76,,24774,560,,,0,41,,24775,560,,,0,65,,24776,560,,,0,38,,24777,560,,,0,100,,24778,560,,,0,103,,24779,560,,,0,100,,24780,560,,,0,101,,24781,560,,,0,101,,24782,560,,,0,152,,24783,560,,,0,40,,24784,560,,,0,75,,24785,560,,,0,22,,24787,560,,,0,67,,24786,560,,,0,26,,24788,560,,,0,73,,24789,560,,,0,39,,24790,560,,,0,70,,24791,560,,,0,105,,24792,560,,,0,35,,24793,560,,,0
25001,'Semaine-01',545,,24796,210,0,31 32,0,64,,24797,210,0,31 32,0,29,,24798,210,,,0,20,,24799,560,,,0,67,,24800,560,,,0,76,,24801,560,,,0,41,,24802,560,,,0,65,,24803,560,,,0,38,,24804,560,,,0,100,,24805,560,,,0,103,,24806,560,,,0,100,,24807,560,,,0,101,,24808,560,,,0,101,,24809,560,,,0,152,,24810,560,,,0,40,,24811,560,,,0,75,,24812,560,,,0,22,,24814,560,,,0,67,,24813,560,,,0,26,,24815,560,,,0,73,,24816,560,,,0,39,,24817,560,,,0,70,,24818,560,,,0,105,,24819,560,,,0,35,,24820,560,,,0
25001,'Week-end-01',720,,19212,210,0,31 32,0,99,,19196,210,0,31 32,0,29,,19110,560,,,0,100,,19108,560,,,0,100,,19112,560,,,0,100,,19113,560,,,0,100,,19109,560,,,0,99,,19121,560,,,0,101,,19124,560,,,0,101,,19127,560,,,0,101,,19117,560,,,0,100,,19119,560,,,0,99,,19120,560,,,0,100,,19115,560,,,0,171,,19128,560,,,0,31,,19122,560,,,0
31700,'Fête-2-01',655,,25679,180,,,0,70,,25680,180,,,0,110,,25681,180,,,0,290,,25682,180,,,0,300,,25683,180,,,0
31700,'Semaine-01',655,,25684,180,,,0,70,,25685,180,,,0,110,,25686,180,,,0,290,,25687,180,,,0,300,,25688,180,,,0
31701,'Fête-2-01',1235,,25691,190,,,0,270,,25696,190,,,0,100,,25692,190,,,0,130,,25693,190,,,0,100,,25694,190,,,0,475,,25695,190,,,0
31701,'Semaine-01',1235,,25697,190,,,0,270,,25702,190,,,0,100,,25698,190,,,0,130,,25699,190,,,0,100,,25700,190,,,0,475,,25701,190,,,0
51401,'Fête-2-01',533,,25719,220,,,0,95,,25720,220,,,0,74,,25721,220,,,0
51401,'Semaine-01',533,,25722,220,,,0,95,,25723,220,,,0,74,,25724,220,,,0
