31000,'Fête-1-01',834,,25318,10,,,0,100,,25319,10,,,0,100,,25320,10,,,0,100,,25321,10,,,0,100,,25322,10,,,0,100,,25323,10,,,0,100,,25324,10,,,0,100,,25325,10,,,0,100,,25326,10,,,0,100,,25327,10,,,0,100,,25328,10,,,0,100,,25329,10,,,0,100,,25330,10,,,0,100,,25331,10,,,0,100,,25332,10,,,0
31000,'Fête-2-01',604,,25333,10,,,0,30,,25334,10,,,0,70,,25335,10,,,0,30,,25336,10,,,0,70,,25337,10,,,0,30,,25338,10,,,0,100,,25339,10,,,0,100,,25340,10,,,0,100,,25341,10,,,0,100,,25342,10,,,0,100,,25343,10,,,0,100,,25344,10,,,0,100,,25345,10,,,0,70,,25346,10,,,0,30,,25347,10,,,0,70,,25348,10,,,0,30,,25349,10,,,0,70,,25350,10,,,0,30,,25351,10,,,0,100,,25352,10,,,0,100,,25353,10,,,0,100,,25354,10,,,0,100,,25355,10,,,0
31000,'Semaine-01',604,,25356,10,,,0,30,,25357,10,,,0,70,,25358,10,,,0,30,,25359,10,,,0,70,,25360,10,,,0,30,,25361,10,,,0,100,,25362,10,,,0,100,,25363,10,,,0,100,,25364,10,,,0,100,,25365,10,,,0,100,,25366,10,,,0,100,,25367,10,,,0,100,,25368,10,,,0,70,,25369,10,,,0,30,,25370,10,,,0,70,,25371,10,,,0,30,,25372,10,,,0,70,,25373,10,,,0,30,,25374,10,,,0,100,,25375,10,,,0,100,,25376,10,,,0,100,,25377,10,,,0,100,,25378,10,,,0
31000,'Week-end-01',834,,19880,10,,,0,100,,19881,10,,,0,100,,19882,10,,,0,100,,19883,10,,,0,100,,19884,10,,,0,100,,19885,10,,,0,100,,19886,10,,,0,100,,19887,10,,,0,100,,19888,10,,,0,100,,19889,10,,,0,100,,19890,10,,,0,100,,19891,10,,,0,100,,19892,10,,,0,100,,19893,10,,,0,100,,19894,10,,,0
31001,'Fête-1-01',825,,25379,180,4,,0,100,,25380,180,4,,0,100,,25381,180,4,,0,100,,25382,180,4,,0,101,,25383,180,4,,0,100,,25384,180,4,,0,100,,25385,180,4,,0,100,,25386,180,4,,0,100,,25387,180,4,,0,100,,25388,180,4,,0,100,,25389,180,4,,0,99,,25390,180,4,,0,100,,25391,180,4,,0,100,,25392,180,4,,0,100,,25393,180,4,,0
31001,'Fête-2-01',557,,25394,180,4,,0,100,,25395,180,4,,0,70,,25396,180,4,,0,32,,25397,180,4,,0,70,,25398,180,4,,0,98,,25399,180,4,,0,100,,25400,180,4,,0,100,,25401,180,4,,0,100,,25402,180,4,,0,100,,25403,180,4,,0,100,,25404,180,4,,0,101,,25405,180,4,,0,30,,25406,180,4,,0,70,,25407,180,4,,0,30,,25408,180,4,,0,70,,25409,180,4,,0,30,,25410,180,4,,0,70,,25411,180,4,,0,98,,25415,180,4,,0,100,,25412,180,4,,0,99,,25413,180,4,,0,100,,25414,180,4,,0
31001,'Semaine-01',557,,25416,180,4,,0,100,,25417,180,4,,0,70,,25418,180,4,,0,32,,25419,180,4,,0,70,,25420,180,4,,0,98,,25421,180,4,,0,100,,25422,180,4,,0,100,,25423,180,4,,0,100,,25424,180,4,,0,100,,25425,180,4,,0,100,,25426,180,4,,0,101,,25427,180,4,,0,30,,25428,180,4,,0,70,,25429,180,4,,0,30,,25430,180,4,,0,70,,25431,180,4,,0,30,,25432,180,4,,0,70,,25433,180,4,,0,98,,25437,180,4,,0,100,,25434,180,4,,0,99,,25435,180,4,,0,100,,25436,180,4,,0
31001,'Week-end-01',825,,19954,180,4,,0,100,,19955,180,4,,0,100,,19956,180,4,,0,100,,19957,180,4,,0,101,,19958,180,4,,0,100,,19959,180,4,,0,100,,19960,180,4,,0,100,,19961,180,4,,0,100,,19962,180,4,,0,100,,19963,180,4,,0,100,,19964,180,4,,0,99,,19965,180,4,,0,100,,19966,180,4,,0,100,,19967,180,4,,0,100,,19968,180,4,,0
31100,'Fête-1-01',836,,25438,10,,,0,100,,25439,10,,,0,100,,25440,10,,,0,100,,25441,10,,,0,100,,25442,10,,,0,100,,25443,10,,,0,100,,25444,10,,,0,100,,25445,10,,,0,100,,25446,10,,,0,100,,25447,10,,,0,100,,25448,10,,,0,100,,25449,10,,,0,100,,25450,10,,,0,100,,25451,10,,,0,100,,25452,10,,,0
31100,'Fête-2-01',606,,25453,10,,,0,30,,25454,10,,,0,70,,25455,10,,,0,30,,25456,10,,,0,70,,25457,10,,,0,30,,25458,10,,,0,100,,25459,10,,,0,100,,25460,10,,,0,100,,25461,10,,,0,100,,25462,10,,,0,100,,25463,10,,,0,100,,25464,10,,,0,100,,25465,10,,,0,70,,25466,10,,,0,30,,25467,10,,,0,70,,25468,10,,,0,30,,25469,10,,,0,70,,25470,10,,,0,30,,25471,10,,,0,100,,25472,10,,,0,100,,25473,10,,,0,100,,25474,10,,,0,100,,25475,10,,,0
31100,'Semaine-01',606,,25476,10,,,0,30,,25477,10,,,0,70,,25478,10,,,0,30,,25479,10,,,0,70,,25480,10,,,0,30,,25481,10,,,0,100,,25482,10,,,0,100,,25483,10,,,0,100,,25484,10,,,0,100,,25485,10,,,0,100,,25486,10,,,0,100,,25487,10,,,0,100,,25488,10,,,0,70,,25489,10,,,0,30,,25490,10,,,0,70,,25491,10,,,0,30,,25492,10,,,0,70,,25493,10,,,0,30,,25494,10,,,0,100,,25495,10,,,0,100,,25496,10,,,0,100,,25497,10,,,0,100,,25498,10,,,0
31100,'Week-end-01',836,,20030,10,,,0,100,,20031,10,,,0,100,,20032,10,,,0,100,,20033,10,,,0,100,,20034,10,,,0,100,,20035,10,,,0,100,,20036,10,,,0,100,,20037,10,,,0,100,,20038,10,,,0,100,,20039,10,,,0,100,,20040,10,,,0,100,,20041,10,,,0,100,,20042,10,,,0,100,,20043,10,,,0,100,,20044,10,,,0
31101,'Fête-1-01',827,,25499,210,4,,0,100,,25500,210,4,,0,100,,25501,210,4,,0,100,,25502,210,4,,0,101,,25503,210,4,,0,100,,25504,210,4,,0,100,,25505,210,4,,0,100,,25506,210,4,,0,100,,25507,210,4,,0,100,,25508,210,4,,0,100,,25509,210,4,,0,99,,25510,210,4,,0,100,,25511,210,4,,0,100,,25512,210,4,,0,100,,25513,210,4,,0
31101,'Fête-2-01',558,,25514,210,4,,0,101,,25515,210,4,,0,70,,25516,210,4,,0,72,,25517,210,4,,0,30,,25518,210,4,,0,98,,25519,210,4,,0,100,,25520,210,4,,0,100,,25521,210,4,,0,100,,25522,210,4,,0,100,,25523,210,4,,0,100,,25524,210,4,,0,101,,25525,210,4,,0,70,,25526,210,4,,0,30,,25527,210,4,,0,70,,25528,210,4,,0,30,,25529,210,4,,0,70,,25530,210,4,,0,30,,25531,210,4,,0,98,,25535,210,4,,0,100,,25532,210,4,,0,99,,25533,210,4,,0,100,,25534,210,4,,0
31101,'Semaine-01',558,,25536,210,4,,0,101,,25537,210,4,,0,70,,25538,210,4,,0,72,,25539,210,4,,0,30,,25540,210,4,,0,98,,25541,210,4,,0,100,,25542,210,4,,0,100,,25543,210,4,,0,100,,25544,210,4,,0,100,,25545,210,4,,0,100,,25546,210,4,,0,101,,25547,210,4,,0,70,,25548,210,4,,0,30,,25549,210,4,,0,70,,25550,210,4,,0,30,,25551,210,4,,0,70,,25552,210,4,,0,30,,25553,210,4,,0,98,,25557,210,4,,0,100,,25554,210,4,,0,99,,25555,210,4,,0,100,,25556,210,4,,0
31101,'Week-end-01',827,,20104,210,4,,0,100,,20105,210,4,,0,100,,20106,210,4,,0,100,,20107,210,4,,0,101,,20108,210,4,,0,100,,20109,210,4,,0,100,,20110,210,4,,0,100,,20111,210,4,,0,100,,20112,210,4,,0,100,,20113,210,4,,0,100,,20114,210,4,,0,99,,20115,210,4,,0,100,,20116,210,4,,0,100,,20117,210,4,,0,100,,20118,210,4,,0
