24001,'Fête-2-01',535,,24314,30,,,0,24,,24315,30,,,0,74,,24316,30,,,0,23,,24317,30,,,0,103,,24318,30,,,0,142,,24319,30,,,0,100,,24320,30,,,0,100,,24321,30,,,0,100,,24322,30,,,0,100,,24323,30,,,0,100,,24324,30,,,0,107,,24325,30,,,0,112,,24326,30,,,0,100,,24327,30,,,0,28,,24328,30,,,0,71,,24329,30,,,0,33,,24330,30,,,0,97,,24331,30,,,0,68,,24332,30,,,0,99,,24333,30,,,0,98,,24334,30,,,0,97,,24335,30,,,0
24001,'Semaine-01',535,,24336,30,,,0,24,,24337,30,,,0,74,,24338,30,,,0,23,,24339,30,,,0,77,,24340,30,,,0,26,,24341,30,,,0,73,,24342,30,,,0,69,,24343,30,,,0,100,,24344,30,,,0,100,,24345,30,,,0,100,,24346,30,,,0,100,,24347,30,,,0,100,,24348,30,,,0,107,,24349,30,,,0,40,,24351,30,,,0,72,,24352,30,,,0,29,,24353,30,,,0,71,,24354,30,,,0,28,,24355,30,,,0,71,,24356,30,,,0,33,,24357,30,,,0,66,,24358,30,,,0,31,,24359,30,,,0,68,,24360,30,,,0,99,,24361,30,,,0,98,,24362,30,,,0,97,,24363,30,,,0
24300,'Fête-2-01',626,,24475,30,,,0,22,,24476,30,,,0,88,,24477,30,,,0,18,,24478,30,,,0,88,,24479,30,,,0,14,,24480,30,,,0,145,,24481,30,,,0,100,,24482,30,,,0,100,,24483,30,,,0,100,,24484,30,,,0,100,,24485,30,,,0,110,,24486,30,,,0,40,,24487,30,,,0,75,,24488,30,,,0,85,,24489,30,,,0,30,,24490,30,,,0,77,,24491,30,,,0,35,,24492,30,,,0,73,,24493,30,,,0,84,,24494,30,,,0,102,,24495,30,,,0,100,,24496,30,,,0,100,,24472,30,0,8 9 1 10,0
24300,'Semaine-01',626,,24500,30,,,0,22,,24501,30,,,0,88,,24502,30,,,0,18,,24503,30,,,0,88,,24504,30,,,0,14,,24505,30,,,0,145,,24506,30,,,0,100,,24507,30,,,0,100,,24508,30,,,0,100,,24509,30,,,0,100,,24510,30,,,0,110,,24511,30,,,0,40,,24512,30,,,0,75,,24513,30,,,0,85,,24514,30,,,0,30,,24515,30,,,0,77,,24516,30,,,0,35,,24517,30,,,0,73,,24518,30,,,0,84,,24519,30,,,0,102,,24520,30,,,0,100,,24521,30,,,0,100,,24497,30,0,8 9 1 10,0
24601,'Fête-2-01',526,,24531,30,,,0,86,,24530,30,,,0,89,,24529,30,,,0,51,,24528,30,,,0,93,,24527,30,,,0,697,,24526,30,,,0,91,,24525,30,,,0,91,,24524,30,,,0,94,,24523,30,,,0,88,,24522,30,,,0
24601,'Semaine-01',526,,24541,30,,,0,86,,24540,30,,,0,88,,24539,30,,,0,51,,24538,30,,,0,93,,24537,30,,,0,698,,24536,30,,,0,91,,24535,30,,,0,93,,24534,30,,,0,93,,24533,30,,,0,89,,24532,30,,,0
24700,'Fête-1-01',806,,24547,30,,,0,130,,24542,30,,,0,170,,24544,30,,,0,130,,24548,30,,,0,170,,24549,30,,,0,130,,24545,30,,,0,170,,24543,30,,,0,130,,24546,30,,,0
24700,'Fête-2-01',635,,24555,30,,,0,82,,24556,30,,,0,103,,24557,30,,,0,186,,24563,30,,,0,130,,24564,30,,,0,170,,24561,30,,,0,130,,24562,30,,,0,71,,24550,30,,,0,112,,24551,30,,,0,92,,24552,30,,,0,117,,24553,30,,,0,23,,24554,30,,,0,160,,24558,30,,,0,130,,24559,30,,,0,170,,24560,30,,,0
24700,'Semaine-01',635,,24573,30,,,0,82,,24574,30,,,0,103,,24575,30,,,0,186,,24581,30,,,0,130,,24582,30,,,0,170,,24579,30,,,0,130,,24580,30,,,0,71,,24565,30,,,0,112,,24566,30,,,0,28,,24567,30,,,0,64,,24568,30,,,0,47,,24569,30,,,0,70,,24570,30,,,0,23,,24571,30,,,0,105,,24572,30,,,0,55,,24576,30,,,0,130,,24577,30,,,0,170,,24578,30,,,0
24700,'Week-end-01',806,,18844,30,,,0,130,,18838,30,,,0,170,,18840,30,,,0,130,,18845,30,,,0,170,,18846,30,,,0,130,,18841,30,,,0,170,,18839,30,,,0,130,,18842,30,,,0
24900,'Fête-1-01',806,,24647,30,0,5,0,130,,24648,30,0,5,0,170,,24657,30,0,5,0,130,,24649,30,0,5,0,170,,24650,30,0,5,0,130,,24651,30,0,5,0,170,,24652,30,0,5,0,130,,24653,30,0,5,0,170,,24654,30,0,5,0,130,,24655,30,0,5,0,170,,24656,30,0,5,0
24900,'Fête-2-01',634,,24659,30,,,0,68,,24660,30,,,0,33,,24661,30,,,0,98,,24662,30,,,0,174,,24663,30,,,0,100,,24664,30,,,0,100,,24665,30,,,0,100,,24666,30,,,0,100,,24667,30,,,0,106,,24668,30,,,0,39,,24669,30,,,0,69,,24670,30,,,0,93,,24671,30,,,0,32,,24672,30,,,0,75,,24673,30,,,0,91,,24674,30,,,0,100,,24675,30,,,0,100,,24676,30,,,0,100,,24677,30,,,0,100,,24658,30,,,0
24900,'Semaine-01',637,,24679,30,,,0,65,,24680,30,,,0,33,,24681,30,,,0,98,,24682,30,,,0,69,,24683,30,,,0,105,,24684,30,,,0,100,,24685,30,,,0,100,,24686,30,,,0,100,,24687,30,,,0,100,,24688,30,,,0,106,,24689,30,,,0,39,,24690,30,,,0,69,,24691,30,,,0,93,,24692,30,,,0,32,,24693,30,,,0,75,,24694,30,,,0,91,,24695,30,,,0,100,,24696,30,,,0,100,,24697,30,,,0,100,,24698,30,,,0,100,,24678,30,,,0
24900,'Week-end-01',806,,18970,30,0,5,0,130,,18971,30,0,5,0,170,,18980,30,0,5,0,130,,18972,30,0,5,0,170,,18973,30,0,5,0,130,,18974,30,0,5,0,170,,18975,30,0,5,0,130,,18976,30,0,5,0,170,,18977,30,0,5,0,130,,18978,30,0,5,0,170,,18979,30,0,5,0
25001,'Fête-1-01',806,,24755,30,,,0,100,,24753,30,,,0,100,,24756,30,,,0,100,,24757,30,,,0,100,,24754,30,,,0,100,,24763,30,,,0,100,,24766,30,,,0,100,,24767,30,,,0,100,,24760,30,,,0,100,,24761,30,,,0,100,,24762,30,,,0,100,,24758,30,,,0,130,,24768,30,,,0,70,,24764,30,,,0,100,,24765,30,,,0,100,,24759,30,,,0
25001,'Fête-2-01',612,,24772,30,,,0,27,,24773,30,,,0,76,,24774,30,,,0,41,,24775,30,,,0,65,,24776,30,,,0,80,,24777,30,,,0,100,,24778,30,,,0,101,,24779,30,,,0,100,,24780,30,,,0,100,,24781,30,,,0,100,,24782,30,,,0,106,,24783,30,,,0,39,,24784,30,,,0,74,,24785,30,,,0,27,,24787,30,,,0,69,,24786,30,,,0,26,,24788,30,,,0,74,,24789,30,,,0,84,,24790,30,,,0,30,,24791,30,,,0,105,,24792,30,,,0,75,,24793,30,,,0,100,,24794,30,0,8 76 19,0,100,,24795,30,0,8 76 19,0
25001,'Semaine-01',612,,24799,30,,,0,27,,24800,30,,,0,76,,24801,30,,,0,41,,24802,30,,,0,65,,24803,30,,,0,80,,24804,30,,,0,100,,24805,30,,,0,101,,24806,30,,,0,100,,24807,30,,,0,100,,24808,30,,,0,100,,24809,30,,,0,106,,24810,30,,,0,39,,24811,30,,,0,74,,24812,30,,,0,27,,24814,30,,,0,69,,24813,30,,,0,26,,24815,30,,,0,74,,24816,30,,,0,84,,24817,30,,,0,30,,24818,30,,,0,105,,24819,30,,,0,75,,24820,30,,,0,100,,24821,30,0,8 76 19,0,100,,24822,30,0,8 76 19,0
25001,'Week-end-01',806,,19110,30,,,0,100,,19108,30,,,0,100,,19112,30,,,0,100,,19113,30,,,0,100,,19109,30,,,0,100,,19121,30,,,0,100,,19124,30,,,0,100,,19127,30,,,0,100,,19117,30,,,0,100,,19119,30,,,0,100,,19120,30,,,0,100,,19115,30,,,0,130,,19128,30,,,0,70,,19122,30,,,0,100,,19123,30,,,0,100,,19116,30,,,0
25101,'Fête-1-01',806,,24838,30,,,0,100,,24836,30,,,0,100,,24839,30,,,0,100,,24835,30,,,0,100,,24834,30,,,0,100,,24837,30,,,0,100,,24830,30,,,0,100,,24833,30,,,0,100,,24829,30,,,0,100,,24831,30,,,0,100,,24827,30,,,0,100,,24832,30,,,0,100,,24824,30,,,0,100,,24825,30,,,0,100,,24826,30,,,0,100,,24828,30,0,8 27 75,0
25101,'Fête-2-01',901,,24841,30,,,0,100,,24840,30,,,0,100,,24848,30,,,0,100,,24845,30,,,0,100,,24847,30,,,0,100,,24843,30,,,0,615,,24846,30,,,0,97,,24844,30,,,0,98,,24842,30,,,0
25101,'Semaine-01',901,,24850,30,,,0,100,,24849,30,,,0,100,,24857,30,,,0,100,,24854,30,,,0,100,,24856,30,,,0,100,,24852,30,,,0,615,,24855,30,,,0,97,,24853,30,,,0,98,,24851,30,,,0
25101,'Week-end-01',806,,19267,30,,,0,100,,19265,30,,,0,100,,19268,30,,,0,100,,19264,30,,,0,100,,19263,30,,,0,100,,19266,30,,,0,100,,19259,30,,,0,100,,19262,30,,,0,100,,19258,30,,,0,100,,19260,30,,,0,100,,19256,30,,,0,100,,19261,30,,,0,100,,19253,30,,,0,100,,19254,30,,,0,100,,19255,30,,,0,100,,19257,30,0,8 27 75,0
25201,'Fête-2-01',605,,24866,30,,,0,38,,24858,30,,,0,76,,24872,30,,,0,36,,24870,30,,,0,73,,24867,30,,,0,678,,24868,30,,,0,40,,24864,30,,,0,70,,24861,30,,,0,31,,24863,30,,,0,71,,24869,30,,,0,30,,24859,30,,,0,69,,24871,30,,,0,30,,24865,30,,,0,70,,24862,30,,,0,31,,24860,30,,,0
25201,'Semaine-01',605,,24881,30,,,0,38,,24873,30,,,0,76,,24887,30,,,0,36,,24885,30,,,0,73,,24882,30,,,0,678,,24883,30,,,0,40,,24879,30,,,0,70,,24876,30,,,0,31,,24878,30,,,0,71,,24884,30,,,0,30,,24874,30,,,0,69,,24886,30,,,0,31,,24880,30,,,0,69,,24877,30,,,0,31,,24875,30,,,0
40500,'Semaine-01',714,,25704,110,,,0,100,,25705,110,,,0,910,,25706,110,,,0
60000,'Fête-1-01',734,,25741,740,,,0,100,,25740,740,,,0,100,,25739,740,,,0,100,,25738,740,,,0,100,,25737,740,,,0,100,,25736,740,,,0,100,,25735,740,,,0,100,,25734,740,,,0,100,,25733,740,,,0,100,,25732,740,,,0,100,,25731,740,,,0,100,,25730,740,,,0,100,,25729,740,,,0,100,,25728,740,,,0,100,,25727,740,,,0,100,,25725,740,,,0,88,,25726,740,,,0
60000,'Fête-2-01',708,,25748,740,,,0,34,,25750,740,,,0,68,,25752,740,,,0,30,,25754,740,,,0,70,,25756,740,,,0,30,,25757,740,,,0,97,,25758,740,,,0,102,,25759,740,,,0,170,,25760,740,,,0,100,,25761,740,,,0,131,,25762,740,,,0,100,,25745,740,,,0,70,,25744,740,,,0,29,,25743,740,,,0,99,,25742,740,,,0,97,,25755,740,,,0,100,,25753,740,,,0,99,,25751,740,,,0,96,,25749,740,,,0,100,,25747,740,,,0
60000,'Semaine-01',636,,25770,740,,,0,72,,25772,740,,,0,34,,25774,740,,,0,68,,25776,740,,,0,30,,25778,740,,,0,70,,25780,740,,,0,30,,25781,740,,,0,97,,25782,740,,,0,102,,25783,740,,,0,100,,25784,740,,,0,70,,25785,740,,,0,30,,25786,740,,,0,70,,25787,740,,,0,100,,25788,740,,,0,31,,25789,740,,,0,70,,25768,740,,,0,30,,25767,740,,,0,70,,25766,740,,,0,29,,25765,740,,,0,69,,25763,740,,,0,30,,25764,740,,,0,97,,25779,740,,,0,100,,25777,740,,,0,99,,25775,740,,,0,96,,25773,740,,,0,100,,25771,740,,,0
60000,'Week-end-01',734,,20388,740,,,0,100,,20387,740,,,0,100,,20386,740,,,0,100,,20385,740,,,0,100,,20384,740,,,0,100,,20383,740,,,0,100,,20382,740,,,0,100,,20381,740,,,0,100,,20380,740,,,0,100,,20379,740,,,0,100,,20378,740,,,0,100,,20377,740,,,0,100,,20376,740,,,0,100,,20375,740,,,0,100,,20374,740,,,0,100,,20372,740,,,0,88,,20373,740,,,0
60500,'Semaine-01',730,,25886,480,,,0,205,,25887,480,,,0
61001,'Fête-2-01',643,,25966,690,,,0,102,,25967,690,,,0,96,,25968,690,,,0,98,,25969,690,,,0,100,,25970,690,,,0,99,,25971,690,,,0,100,,25972,690,,,0,100,,25973,690,,,0,100,,25974,690,,,0,102,,25975,690,,,0,105,,25976,690,,,0,102,,25977,690,,,0,98,,25978,690,,,0,91,,25979,690,,,0,99,,25980,690,,,0,100,,25981,690,,,0
61001,'Semaine-01',643,,25985,690,,,0,72,,25986,690,,,0,30,,25987,690,,,0,70,,25988,690,,,0,26,,25989,690,,,0,68,,26008,690,,,0,30,,25990,690,,,0,100,,25991,690,,,0,99,,25992,690,,,0,100,,25993,690,,,0,100,,25994,690,,,0,100,,25995,690,,,0,102,,25996,690,,,0,105,,25997,690,,,0,73,,25998,690,,,0,29,,25999,690,,,0,68,,26000,690,,,0,30,,26001,690,,,0,61,,26002,690,,,0,30,,26003,690,,,0,99,,26004,690,,,0,100,,26005,690,,,0
70900,'Fête-1-01',636,,26228,110,,,0,65,,26229,110,,,0,15,,26230,110,,,0,30,,26231,110,,,0,70,,26232,110,,,0,30,,26233,110,,,0,70,,26234,110,,,0,30,,26235,110,,,0,70,,26236,110,,,0,30,,26237,110,,,0,70,,26238,110,,,0,30,,26239,110,,,0,70,,26240,110,,,0,30,,26241,110,,,0,70,,26242,110,,,0,30,,26243,110,,,0,70,,26244,110,,,0,30,,26245,110,,,0,70,,26246,110,,,0,30,,26247,110,,,0,70,,26248,110,,,0,30,,26249,110,,,0,70,,26250,110,,,0,30,,26251,110,,,0,70,,26252,110,,,0,30,,26253,110,,,0,70,,26254,110,,,0,30,,26255,110,,,0,70,,26256,110,,,0,30,,26257,110,,,0,70,,26258,110,,,0,30,,26259,110,,,0,70,,26260,110,,,0,20,,26261,110,,,0,70,,26262,110,,,0,30,,26263,110,,,0,70,,26264,110,,,0,30,,26265,110,,,0,109,,26266,110,,,0
70900,'Fête-2-01',551,,26268,110,0,11 12 13,0,78,,26269,110,0,11 12 13,0,20,,26270,110,0,11 12 13,0,7,,26271,110,0,11 12 13,0,78,,26272,110,0,11 12 13,0,19,,26273,110,0,11 12 13,0,65,,26274,110,0,11 12 13,0,28,,26275,110,0,11 12 13,0,74,,26276,110,0,11 12 13,0,25,,26314,110,0,11 12 13,0,68,,26277,110,0,11 12 13,0,15,,26278,110,0,11 12 13,0,29,,26279,110,0,11 12 13,0,55,,26280,110,0,11 12 13,0,15,,26281,110,0,11 12 13,0,23,,26282,110,0,11 12 13,0,70,,26283,110,0,11 12 13,0,15,,26310,110,0,11 12 13,0,15,,26313,110,0,11 12 13,0,55,,26312,110,0,11 12 13,0,30,,26311,110,0,11 12 13,0,85,,26309,110,0,11 12 13,0,15,,26284,110,0,11 12 13,0,21,,26285,110,0,11 12 13,0,84,,26286,110,,,0,66,,26287,110,,,0,20,,26307,110,,,0,17,,26308,110,,,0,11,,26301,110,,,0,56,,26306,110,,,0,13,,26302,110,,,0,13,,26303,110,,,0,9,,26304,110,,,0,11,,26305,110,,,0,53,,26300,110,,,0,28,,26288,110,,,0,13,,26289,110,,,0,52,,26290,110,,,0,12,,26291,110,,,0,27,,26299,110,,,0,59,,26292,110,,,0,29,,26293,110,,,0,22,,26316,110,,,0,70,,26294,110,,,0,15,,26295,110,,,0,97,,26296,110,,,0,69,,26297,110,,,0,44,,26315,110,,,0,99,,26298,110,,,0,108,,26267,110,,,0
70900,'Semaine-01',551,,26322,110,0,11 12 13,0,52,,26380,110,0,11 12 13,0,26,,26323,110,0,11 12 13,0,10,,26324,110,0,11 12 13,0,10,,26325,110,0,11 12 13,0,7,,26326,110,0,11 12 13,0,59,,26327,110,0,11 12 13,0,19,,26328,110,0,11 12 13,0,10,,26329,110,0,11 12 13,0,9,,26330,110,0,11 12 13,0,53,,26331,110,0,11 12 13,0,12,,26332,110,0,11 12 13,0,17,,26333,110,0,11 12 13,0,11,,26334,110,0,11 12 13,0,59,,26378,110,0,11 12 13,0,15,,26335,110,0,11 12 13,0,25,,26377,110,0,11 12 13,0,55,,26336,110,0,11 12 13,0,13,,26337,110,0,11 12 13,0,15,,26338,110,0,11 12 13,0,29,,26339,110,0,11 12 13,0,55,,26340,110,0,11 12 13,0,15,,26341,110,0,11 12 13,0,23,,26342,110,0,11 12 13,0,55,,26317,110,0,68,0,15,,26343,110,0,11 12 13,0,15,,26373,110,0,11 12 13,0,15,,26376,110,0,11 12 13,0,55,,26375,110,0,11 12 13,0,15,,26318,110,0,68,0,15,,26374,110,0,11 12 13,0,70,,26319,110,0,68,0,15,,26372,110,0,11 12 13,0,15,,26344,110,0,11 12 13,0,21,,26345,110,0,11 12 13,0,65,,26320,110,0,68,0,19,,26346,110,,,0,13,,26347,110,,,0,53,,26348,110,,,0,20,,26370,110,,,0,17,,26371,110,,,0,11,,26364,110,,,0,56,,26369,110,,,0,13,,26365,110,,,0,13,,26366,110,,,0,9,,26367,110,,,0,11,,26368,110,,,0,53,,26363,110,,,0,14,,26349,110,,,0,14,,26350,110,,,0,13,,26351,110,,,0,52,,26352,110,,,0,12,,26353,110,,,0,27,,26362,110,,,0,59,,26354,110,,,0,29,,26355,110,,,0,22,,26381,110,,,0,70,,26356,110,,,0,15,,26357,110,,,0,67,,26358,110,,,0,30,,26359,110,,,0,69,,26360,110,,,0,44,,26379,110,,,0,99,,26361,110,,,0,108,,26321,110,,,0
70900,'Week-end-01',636,,21010,110,,,0,65,,21011,110,,,0,15,,21012,110,,,0,30,,21013,110,,,0,70,,21014,110,,,0,30,,21015,110,,,0,70,,21016,110,,,0,30,,21017,110,,,0,70,,21018,110,,,0,30,,21019,110,,,0,70,,21020,110,,,0,30,,21021,110,,,0,70,,21022,110,,,0,30,,21023,110,,,0,70,,21024,110,,,0,30,,21025,110,,,0,70,,21026,110,,,0,30,,21027,110,,,0,70,,21028,110,,,0,30,,21029,110,,,0,70,,21030,110,,,0,30,,21031,110,,,0,70,,21032,110,,,0,30,,21033,110,,,0,70,,21034,110,,,0,30,,21035,110,,,0,70,,21036,110,,,0,30,,21037,110,,,0,70,,21038,110,,,0,30,,21039,110,,,0,70,,21040,110,,,0,30,,21041,110,,,0,70,,21042,110,,,0,20,,21043,110,,,0,70,,21044,110,,,0,30,,21045,110,,,0,70,,21046,110,,,0,30,,21047,110,,,0,109,,21048,110,,,0
