22001,'Fête-1-01',829,,23271,760,,,0,200,,23268,760,,,0,199,,23266,760,,,0,200,,23267,760,,,0,200,,23265,760,,,0,201,,23270,760,,,0,200,,23269,760,,,0
22001,'Fête-2-01',537,,23272,430,0,6 7,0,70,,23273,430,0,6 7,0,27,,23274,760,,,0,70,,23275,760,,,0,31,,23276,760,,,0,71,,23277,760,,,0,31,,23278,760,,,0,69,,23279,760,,,0,99,,23280,760,,,0,100,,23281,760,,,0,100,,23282,760,,,0,100,,23283,760,,,0,100,,23284,760,,,0,101,,23285,760,,,0,100,,23286,760,,,0,102,,23287,760,,,0,30,,23288,760,,,0,70,,23289,760,,,0,30,,23290,760,,,0,68,,23291,760,,,0,27,,23292,760,,,0,70,,23293,760,,,0,100,,23294,760,,,0,99,,23295,760,,,0,100,,23296,760,,,0
22001,'Semaine-01',537,,23298,430,0,6 7,0,70,,23299,430,0,6 7,0,27,,23300,760,,,0,70,,23301,760,,,0,31,,23302,760,,,0,71,,23303,760,,,0,31,,23304,760,,,0,69,,23305,760,,,0,99,,23306,760,,,0,100,,23307,760,,,0,100,,23308,760,,,0,100,,23309,760,,,0,100,,23310,760,,,0,101,,23311,760,,,0,100,,23312,760,,,0,102,,23313,760,,,0,30,,23314,760,,,0,70,,23315,760,,,0,30,,23316,760,,,0,68,,23317,760,,,0,27,,23318,760,,,0,70,,23319,760,,,0,100,,23320,760,,,0,99,,23321,760,,,0,100,,23322,760,,,0
22001,'Week-end-01',829,,17356,760,,,0,200,,17353,760,,,0,199,,17351,760,,,0,200,,17352,760,,,0,200,,17350,760,,,0,201,,17355,760,,,0,200,,17354,760,,,0
22101,'Fête-1-01',929,,23324,760,,,0,200,,23328,760,,,0,200,,23329,760,,,0,200,,23330,760,,,0,200,,23325,760,,,0,200,,23327,760,,,0,200,,23326,760,,,0
22101,'Fête-2-01',552,,23332,370,0,6 7,0,70,,23333,370,0,6 7,0,31,,23334,760,,,0,70,,23331,760,,,0,31,,23335,760,,,0,70,,23336,760,,,0,30,,23337,760,,,0,85,,23338,760,,,0,100,,23339,760,,,0,100,,23340,760,,,0,100,,23341,760,,,0,100,,23342,760,,,0,100,,23343,760,,,0,100,,23344,760,,,0,100,,23345,760,,,0,85,,23346,760,,,0,30,,23347,760,,,0,70,,23348,760,,,0,30,,23349,760,,,0,67,,23350,760,,,0,30,,23351,760,,,0,85,,23352,760,,,0,99,,23353,760,,,0,100,,23354,760,,,0
22101,'Semaine-01',552,,23356,370,0,6 7,0,70,,23357,370,0,6 7,0,31,,23358,760,,,0,70,,23355,760,,,0,31,,23359,760,,,0,70,,23360,760,,,0,30,,23361,760,,,0,85,,23362,760,,,0,100,,23363,760,,,0,100,,23364,760,,,0,100,,23365,760,,,0,100,,23366,760,,,0,100,,23367,760,,,0,100,,23368,760,,,0,100,,23369,760,,,0,85,,23370,760,,,0,30,,23371,760,,,0,70,,23372,760,,,0,30,,23373,760,,,0,67,,23374,760,,,0,30,,23375,760,,,0,85,,23376,760,,,0,99,,23377,760,,,0,100,,23378,760,,,0
22101,'Week-end-01',929,,17412,760,,,0,200,,17416,760,,,0,200,,17417,760,,,0,200,,17418,760,,,0,200,,17413,760,,,0,200,,17415,760,,,0,200,,17414,760,,,0
22201,'Fête-1-01',838,,23393,960,,,0,100,,23381,960,,,0,100,,23380,960,,,0,100,,23379,960,,,0,100,,23382,960,,,0,100,,23383,960,,,0,100,,23384,960,,,0,100,,23385,960,,,0,100,,23386,960,,,0,100,,23387,960,,,0,100,,23388,960,,,0,100,,23389,960,,,0,100,,23390,960,,,0,100,,23391,960,,,0
22201,'Fête-2-01',606,,23414,470,0,6 7,0,23,,23411,960,,,0,80,,23394,960,,,0,30,,23412,960,,,0,82,,23395,960,,,0,80,,23396,960,,,0,108,,23397,960,,,0,100,,23398,960,,,0,100,,23399,960,,,0,100,,23400,960,,,0,100,,23401,960,,,0,100,,23402,960,,,0,100,,23403,960,,,0,102,,23404,960,,,0,40,,23413,960,,,0,75,,23405,960,,,0,80,,23406,960,,,0,103,,23407,960,,,0,100,,23408,960,,,0,100,,23409,960,,,0
22201,'Semaine-01',606,,23435,470,0,6 7,0,23,,23432,960,,,0,80,,23415,960,,,0,30,,23433,960,,,0,82,,23416,960,,,0,80,,23417,960,,,0,108,,23418,960,,,0,100,,23419,960,,,0,100,,23420,960,,,0,100,,23421,960,,,0,100,,23422,960,,,0,100,,23423,960,,,0,100,,23424,960,,,0,102,,23425,960,,,0,40,,23434,960,,,0,75,,23426,960,,,0,80,,23427,960,,,0,103,,23428,960,,,0,100,,23429,960,,,0,100,,23430,960,,,0
22201,'Week-end-01',838,,17490,960,,,0,100,,17478,960,,,0,100,,17477,960,,,0,100,,17476,960,,,0,100,,17479,960,,,0,100,,17480,960,,,0,100,,17481,960,,,0,100,,17482,960,,,0,100,,17483,960,,,0,100,,17484,960,,,0,100,,17485,960,,,0,100,,17486,960,,,0,100,,17487,960,,,0,100,,17488,960,,,0
