30600,'Fête-1-01',834,,25078,10,,,0,100,,25079,10,,,0,100,,25080,10,,,0,100,,25081,10,,,0,100,,25082,10,,,0,100,,25083,10,,,0,100,,25084,10,,,0,100,,25085,10,,,0,100,,25086,10,,,0,100,,25087,10,,,0,100,,25088,10,,,0,100,,25089,10,,,0,100,,25090,10,,,0,100,,25091,10,,,0,100,,25092,10,,,0
30600,'Fête-2-01',604,,25093,10,,,0,30,,25094,10,,,0,70,,25095,10,,,0,30,,25096,10,,,0,70,,25097,10,,,0,30,,25098,10,,,0,100,,25099,10,,,0,100,,25100,10,,,0,100,,25101,10,,,0,100,,25102,10,,,0,100,,25103,10,,,0,100,,25104,10,,,0,100,,25105,10,,,0,70,,25106,10,,,0,30,,25107,10,,,0,70,,25108,10,,,0,30,,25109,10,,,0,70,,25110,10,,,0,30,,25111,10,,,0,100,,25112,10,,,0,100,,25113,10,,,0,100,,25114,10,,,0,100,,25115,10,,,0
30600,'Semaine-01',604,,25116,10,,,0,30,,25117,10,,,0,70,,25118,10,,,0,30,,25119,10,,,0,70,,25120,10,,,0,30,,25121,10,,,0,100,,25122,10,,,0,100,,25123,10,,,0,100,,25124,10,,,0,100,,25125,10,,,0,100,,25126,10,,,0,100,,25127,10,,,0,100,,25128,10,,,0,70,,25129,10,,,0,30,,25130,10,,,0,70,,25131,10,,,0,30,,25132,10,,,0,70,,25133,10,,,0,30,,25134,10,,,0,100,,25135,10,,,0,100,,25136,10,,,0,100,,25137,10,,,0,100,,25138,10,,,0
30600,'Week-end-01',834,,19580,10,,,0,100,,19581,10,,,0,100,,19582,10,,,0,100,,19583,10,,,0,100,,19584,10,,,0,100,,19585,10,,,0,100,,19586,10,,,0,100,,19587,10,,,0,100,,19588,10,,,0,100,,19589,10,,,0,100,,19590,10,,,0,100,,19591,10,,,0,100,,19592,10,,,0,100,,19593,10,,,0,100,,19594,10,,,0
30601,'Fête-1-01',825,,25139,100,4,,0,100,,25140,100,4,,0,100,,25141,100,4,,0,100,,25142,100,4,,0,101,,25143,100,4,,0,100,,25144,100,4,,0,100,,25145,100,4,,0,100,,25146,100,4,,0,100,,25147,100,4,,0,100,,25148,100,4,,0,100,,25149,100,4,,0,99,,25150,100,4,,0,100,,25151,100,4,,0,100,,25152,100,4,,0,100,,25153,100,4,,0
30601,'Fête-2-01',557,,25154,100,4,,0,100,,25155,100,4,,0,70,,25156,100,4,,0,32,,25157,100,4,,0,70,,25158,100,4,,0,98,,25159,100,4,,0,100,,25160,100,4,,0,100,,25161,100,4,,0,100,,25162,100,4,,0,100,,25163,100,4,,0,100,,25164,100,4,,0,101,,25165,100,4,,0,30,,25166,100,4,,0,70,,25167,100,4,,0,30,,25168,100,4,,0,70,,25169,100,4,,0,30,,25170,100,4,,0,70,,25171,100,4,,0,98,,25175,100,4,,0,100,,25172,100,4,,0,99,,25173,100,4,,0,100,,25174,100,4,,0
30601,'Semaine-01',557,,25176,100,4,,0,100,,25177,100,4,,0,70,,25178,100,4,,0,32,,25179,100,4,,0,70,,25180,100,4,,0,98,,25181,100,4,,0,100,,25182,100,4,,0,100,,25183,100,4,,0,100,,25184,100,4,,0,100,,25185,100,4,,0,100,,25186,100,4,,0,101,,25187,100,4,,0,30,,25188,100,4,,0,70,,25189,100,4,,0,30,,25190,100,4,,0,70,,25191,100,4,,0,30,,25192,100,4,,0,70,,25193,100,4,,0,98,,25197,100,4,,0,100,,25194,100,4,,0,99,,25195,100,4,,0,100,,25196,100,4,,0
30601,'Week-end-01',825,,19654,100,4,,0,100,,19655,100,4,,0,100,,19656,100,4,,0,100,,19657,100,4,,0,101,,19658,100,4,,0,100,,19659,100,4,,0,100,,19660,100,4,,0,100,,19661,100,4,,0,100,,19662,100,4,,0,100,,19663,100,4,,0,100,,19664,100,4,,0,99,,19665,100,4,,0,100,,19666,100,4,,0,100,,19667,100,4,,0,100,,19668,100,4,,0
30900,'Fête-1-01',836,,25198,10,,,0,100,,25199,10,,,0,100,,25200,10,,,0,100,,25201,10,,,0,100,,25202,10,,,0,100,,25203,10,,,0,100,,25204,10,,,0,100,,25205,10,,,0,100,,25206,10,,,0,100,,25207,10,,,0,100,,25208,10,,,0,100,,25209,10,,,0,100,,25210,10,,,0,100,,25211,10,,,0,100,,25212,10,,,0
30900,'Fête-2-01',606,,25213,10,,,0,30,,25214,10,,,0,70,,25215,10,,,0,30,,25216,10,,,0,70,,25217,10,,,0,30,,25218,10,,,0,100,,25219,10,,,0,100,,25220,10,,,0,100,,25221,10,,,0,100,,25222,10,,,0,100,,25223,10,,,0,100,,25224,10,,,0,100,,25225,10,,,0,70,,25226,10,,,0,30,,25227,10,,,0,70,,25228,10,,,0,30,,25229,10,,,0,70,,25230,10,,,0,30,,25231,10,,,0,100,,25232,10,,,0,100,,25233,10,,,0,100,,25234,10,,,0,100,,25235,10,,,0
30900,'Semaine-01',606,,25236,10,,,0,30,,25237,10,,,0,70,,25238,10,,,0,30,,25239,10,,,0,70,,25240,10,,,0,30,,25241,10,,,0,100,,25242,10,,,0,100,,25243,10,,,0,100,,25244,10,,,0,100,,25245,10,,,0,100,,25246,10,,,0,100,,25247,10,,,0,100,,25248,10,,,0,70,,25249,10,,,0,30,,25250,10,,,0,70,,25251,10,,,0,30,,25252,10,,,0,70,,25253,10,,,0,30,,25254,10,,,0,100,,25255,10,,,0,100,,25256,10,,,0,100,,25257,10,,,0,100,,25258,10,,,0
30900,'Week-end-01',836,,19730,10,,,0,100,,19731,10,,,0,100,,19732,10,,,0,100,,19733,10,,,0,100,,19734,10,,,0,100,,19735,10,,,0,100,,19736,10,,,0,100,,19737,10,,,0,100,,19738,10,,,0,100,,19739,10,,,0,100,,19740,10,,,0,100,,19741,10,,,0,100,,19742,10,,,0,100,,19743,10,,,0,100,,19744,10,,,0
30901,'Fête-1-01',827,,25259,40,4,,0,100,,25260,40,4,,0,100,,25261,40,4,,0,100,,25262,40,4,,0,101,,25263,40,4,,0,100,,25264,40,4,,0,100,,25265,40,4,,0,100,,25266,40,4,,0,100,,25267,40,4,,0,100,,25268,40,4,,0,100,,25269,40,4,,0,99,,25270,40,4,,0,100,,25271,40,4,,0,100,,25272,40,4,,0,100,,25273,40,4,,0
30901,'Fête-2-01',559,,25274,40,4,,0,100,,25275,40,4,,0,70,,25276,40,4,,0,72,,25277,40,4,,0,30,,25278,40,4,,0,98,,25279,40,4,,0,100,,25280,40,4,,0,100,,25281,40,4,,0,100,,25282,40,4,,0,100,,25283,40,4,,0,100,,25284,40,4,,0,101,,25285,40,4,,0,70,,25286,40,4,,0,30,,25287,40,4,,0,70,,25288,40,4,,0,30,,25289,40,4,,0,70,,25290,40,4,,0,30,,25291,40,4,,0,98,,25295,40,4,,0,100,,25292,40,4,,0,99,,25293,40,4,,0,100,,25294,40,4,,0
30901,'Semaine-01',559,,25296,40,4,,0,100,,25297,40,4,,0,70,,25298,40,4,,0,72,,25299,40,4,,0,30,,25300,40,4,,0,98,,25301,40,4,,0,100,,25302,40,4,,0,100,,25303,40,4,,0,100,,25304,40,4,,0,100,,25305,40,4,,0,100,,25306,40,4,,0,101,,25307,40,4,,0,70,,25308,40,4,,0,30,,25309,40,4,,0,70,,25310,40,4,,0,30,,25311,40,4,,0,70,,25312,40,4,,0,30,,25313,40,4,,0,98,,25317,40,4,,0,100,,25314,40,4,,0,99,,25315,40,4,,0,100,,25316,40,4,,0
30901,'Week-end-01',827,,19804,40,4,,0,100,,19805,40,4,,0,100,,19806,40,4,,0,100,,19807,40,4,,0,101,,19808,40,4,,0,100,,19809,40,4,,0,100,,19810,40,4,,0,100,,19811,40,4,,0,100,,19812,40,4,,0,100,,19813,40,4,,0,100,,19814,40,4,,0,99,,19815,40,4,,0,100,,19816,40,4,,0,100,,19817,40,4,,0,100,,19818,40,4,,0
