22701,'Fête-1-01',938,,23543,610,,,0,200,,23544,610,,,0,200,,23545,610,,,0,200,,23546,610,,,0,200,,23547,610,,,0,200,,23548,610,,,0,200,,23549,610,,,0
22701,'Fête-2-01',539,,23550,290,0,6 7,0,70,,23551,290,0,6 7,0,26,,23552,610,,,0,70,,23553,610,,,0,35,,23554,610,,,0,80,,23555,610,,,0,80,,23556,610,,,0,36,,23557,610,,,0,100,,23558,610,,,0,100,,23559,610,,,0,100,,23560,610,,,0,100,,23561,610,,,0,100,,23562,610,,,0,100,,23563,610,,,0,104,,23564,610,,,0,90,,23565,610,,,0,80,,23566,610,,,0,40,,23567,610,,,0,70,,23568,610,,,0,30,,23569,610,,,0,85,,23570,610,,,0,100,,23571,610,,,0,100,,23572,610,,,0
22701,'Semaine-01',539,,23574,290,0,6 7,0,70,,23575,290,0,6 7,0,26,,23576,610,,,0,70,,23577,610,,,0,35,,23578,610,,,0,80,,23579,610,,,0,80,,23580,610,,,0,36,,23581,610,,,0,100,,23582,610,,,0,100,,23583,610,,,0,100,,23584,610,,,0,100,,23585,610,,,0,100,,23586,610,,,0,100,,23587,610,,,0,104,,23588,610,,,0,90,,23589,610,,,0,80,,23590,610,,,0,40,,23591,610,,,0,70,,23592,610,,,0,30,,23593,610,,,0,85,,23594,610,,,0,100,,23595,610,,,0,100,,23596,610,,,0
22701,'Week-end-01',938,,17668,610,,,0,200,,17669,610,,,0,200,,17670,610,,,0,200,,17671,610,,,0,200,,17672,610,,,0,200,,17673,610,,,0,200,,17674,610,,,0
22800,'Fête-1-01',838,,23605,620,,,0,200,,23602,620,,,0,200,,23603,620,,,0,200,,23598,620,,,0,200,,23600,620,,,0,200,,23604,620,,,0,200,,23601,620,,,0
22800,'Fête-2-01',556,,23606,180,0,6 7,0,70,,23629,180,0,6 7,0,25,,23607,620,,,0,77,,23608,620,,,0,75,,23609,620,,,0,40,,23610,620,,,0,80,,23611,620,,,0,83,,23612,620,,,0,100,,23613,620,,,0,100,,23614,620,,,0,100,,23615,620,,,0,100,,23616,620,,,0,100,,23617,620,,,0,100,,23618,620,,,0,107,,23619,620,,,0,40,,23620,620,,,0,80,,23621,620,,,0,80,,23622,620,,,0,23,,23623,620,,,0,70,,23624,620,,,0,100,,23625,620,,,0,100,,23626,620,,,0,100,,23627,620,,,0
22800,'Semaine-01',556,,23630,180,0,6 7,0,70,,23653,180,0,6 7,0,25,,23631,620,,,0,77,,23632,620,,,0,75,,23633,620,,,0,40,,23634,620,,,0,80,,23635,620,,,0,83,,23636,620,,,0,100,,23637,620,,,0,100,,23638,620,,,0,100,,23639,620,,,0,100,,23640,620,,,0,100,,23641,620,,,0,100,,23642,620,,,0,107,,23643,620,,,0,40,,23644,620,,,0,80,,23645,620,,,0,80,,23646,620,,,0,23,,23647,620,,,0,70,,23648,620,,,0,100,,23649,620,,,0,100,,23650,620,,,0,100,,23651,620,,,0
22800,'Week-end-01',838,,17738,620,,,0,200,,17735,620,,,0,200,,17736,620,,,0,200,,17731,620,,,0,200,,17733,620,,,0,200,,17737,620,,,0,200,,17734,620,,,0
60501,'Semaine-01',1651,,25888,490,,,0,252,,25889,490,,,0
70800,'Fête-1-01',743,,26035,360,,,0,104,,26036,360,,,0,89,,26037,360,,,0,100,,26038,360,,,0,102,,26039,360,,,0,99,,26040,360,,,0,100,,26041,360,,,0,100,,26042,360,,,0,100,,26043,360,,,0,100,,26044,360,,,0,100,,26045,360,,,0,100,,26046,360,,,0,100,,26047,360,,,0,96,,26048,360,,,0,103,,26049,360,,,0,80,,26050,360,,,0,43,,26051,360,,,0,80,,26033,360,,,0,117,,26034,360,,,0
70800,'Fête-2-01',604,,26052,360,,,0,30,,26053,360,,,0,70,,26054,360,,,0,35,,26055,360,,,0,70,,26056,360,,,0,11,,26057,360,,,0,19,,26058,360,,,0,68,,26059,360,,,0,29,,26060,360,,,0,102,,26061,360,,,0,100,,26062,360,,,0,100,,26063,360,,,0,100,,26064,360,,,0,100,,26065,360,,,0,98,,26066,360,,,0,76,,26067,360,,,0,21,,26068,360,,,0,12,,26069,360,,,0,61,,26070,360,,,0,9,,26071,360,,,0,21,,26072,360,,,0,13,,26073,360,,,0,61,,26074,360,,,0,5,,26075,360,,,0,15,,26076,360,,,0,11,,26077,360,,,0,63,,26078,360,,,0,30,,26079,360,,,0,100,,26080,360,,,0,100,,26081,360,,,0,90,,26082,360,,,0,84,,26083,360,,,0,98,,26084,360,,,0,100,,26085,360,,,0,100,,26086,360,,,0
70800,'Semaine-01',604,,26087,360,,,0,30,,26088,360,,,0,70,,26089,360,,,0,35,,26090,360,,,0,70,,26091,360,,,0,11,,26092,360,,,0,19,,26093,360,,,0,68,,26094,360,,,0,29,,26095,360,,,0,72,,26096,360,,,0,30,,26097,360,,,0,70,,26098,360,,,0,30,,26099,360,,,0,70,,26100,360,,,0,30,,26101,360,,,0,70,,26102,360,,,0,30,,26103,360,,,0,70,,26104,360,,,0,30,,26105,360,,,0,70,,26106,360,,,0,28,,26107,360,,,0,68,,26108,360,,,0,8,,26109,360,,,0,21,,26110,360,,,0,12,,26111,360,,,0,61,,26112,360,,,0,9,,26113,360,,,0,21,,26114,360,,,0,13,,26115,360,,,0,61,,26116,360,,,0,5,,26117,360,,,0,15,,26118,360,,,0,11,,26119,360,,,0,63,,26120,360,,,0,30,,26121,360,,,0,70,,26122,360,,,0,30,,26123,360,,,0,70,,26124,360,,,0,30,,26125,360,,,0,20,,26126,360,,,0,70,,26127,360,,,0,84,,26128,360,,,0,98,,26129,360,,,0,100,,26130,360,,,0,100,,26131,360,,,0
70800,'Week-end-01',743,,20750,360,,,0,104,,20751,360,,,0,89,,20752,360,,,0,100,,20753,360,,,0,102,,20754,360,,,0,99,,20755,360,,,0,100,,20756,360,,,0,100,,20757,360,,,0,100,,20758,360,,,0,100,,20759,360,,,0,100,,20760,360,,,0,100,,20761,360,,,0,100,,20762,360,,,0,96,,20763,360,,,0,103,,20764,360,,,0,80,,20765,360,,,0,43,,20766,360,,,0,80,,20748,360,,,0,117,,20749,360,,,0
