23000,'Fête-1-01',842,,23656,110,,,0,100,,23657,110,,,0,101,,23661,110,,,0,101,,23662,110,,,0,102,,23663,110,,,0,101,,23664,110,,,0,101,,23665,110,,,0,98,,23667,110,,,0,98,,23655,110,,,0,98,,23654,110,,,0,100,,23666,110,,,0,100,,23660,110,,,0,100,,23659,110,,,0,100,,23658,110,,,0,100,,23668,110,,,0
23000,'Fête-2-01',612,,23673,110,,,0,31,,23674,110,,,0,69,,23675,110,,,0,32,,23676,110,,,0,71,,23677,110,,,0,32,,23678,110,,,0,102,,23679,110,,,0,103,,23684,110,,,0,104,,23685,110,,,0,147,,23686,110,,,0,116,,23687,110,,,0,115,,23688,110,,,0,82,,23671,110,,,0,34,,23670,110,,,0,79,,23669,110,0,8 27 75,0,27,,23672,110,,,0,74,,23689,110,,,0,29,,23683,110,,,0,98,,23682,110,,,0,100,,23681,110,,,0,100,,23680,110,,,0
23000,'Semaine-01',612,,23694,110,,,0,31,,23695,110,,,0,69,,23696,110,,,0,32,,23697,110,,,0,71,,23698,110,,,0,32,,23699,110,,,0,102,,23700,110,,,0,103,,23705,110,,,0,104,,23706,110,,,0,147,,23707,110,,,0,116,,23708,110,,,0,115,,23709,110,,,0,82,,23692,110,,,0,34,,23691,110,,,0,79,,23690,110,0,8 27 75,0,27,,23693,110,,,0,74,,23710,110,,,0,29,,23704,110,,,0,98,,23703,110,,,0,100,,23702,110,,,0,100,,23701,110,,,0
23000,'Week-end-01',842,,17798,110,,,0,100,,17799,110,,,0,101,,17803,110,,,0,101,,17804,110,,,0,102,,17805,110,,,0,101,,17806,110,,,0,101,,17807,110,,,0,98,,17809,110,,,0,98,,17797,110,,,0,98,,17796,110,,,0,100,,17808,110,,,0,100,,17802,110,,,0,100,,17801,110,,,0,100,,17800,110,,,0,100,,17810,110,,,0
23600,'Fête-1-01',858,,24089,350,,,0,100,,24080,350,,,0,100,,24090,350,,,0,101,,24078,350,,,0,100,,24086,350,,,0,100,,24082,350,,,0,100,,24088,350,,,0,100,,24079,350,,,0,100,,24092,350,,,0,100,,24081,350,,,0,100,,24087,350,,,0,100,,24083,350,,,0,100,,24085,350,,,0,100,,24084,350,,,0
23600,'Fête-2-01',624,,24093,350,,,0,110,,24094,350,,,0,81,,24111,350,,,0,39,,24095,350,,,0,76,,24096,350,,,0,95,,24097,350,,,0,99,,24098,350,,,0,101,,24099,350,,,0,100,,24100,350,,,0,100,,24101,350,,,0,100,,24102,350,,,0,100,,24103,350,,,0,85,,24104,350,,,0,39,,24105,350,,,0,83,,24106,350,,,0,124,,24107,350,,,0,103,,24108,350,,,0,100,,24109,350,,,0
23600,'Semaine-01',624,,24112,350,,,0,110,,24113,350,,,0,81,,24130,350,,,0,39,,24114,350,,,0,76,,24115,350,,,0,95,,24116,350,,,0,99,,24117,350,,,0,101,,24118,350,,,0,100,,24119,350,,,0,100,,24120,350,,,0,100,,24121,350,,,0,100,,24122,350,,,0,85,,24123,350,,,0,39,,24124,350,,,0,83,,24125,350,,,0,124,,24126,350,,,0,103,,24127,350,,,0,100,,24128,350,,,0
23600,'Week-end-01',858,,18333,350,,,0,100,,18324,350,,,0,100,,18334,350,,,0,101,,18322,350,,,0,100,,18330,350,,,0,100,,18326,350,,,0,100,,18332,350,,,0,100,,18323,350,,,0,100,,18336,350,,,0,100,,18325,350,,,0,100,,18331,350,,,0,100,,18327,350,,,0,100,,18329,350,,,0,100,,18328,350,,,0
70900,'Fête-1-01',708,,26228,560,,,0,25,,26229,560,,,0,15,,26230,560,,,0,70,,26231,560,,,0,30,,26232,560,,,0,71,,26233,560,,,0,30,,26234,560,,,0,72,,26235,560,,,0,30,,26236,560,,,0,70,,26237,560,,,0,30,,26238,560,,,0,70,,26239,560,,,0,30,,26240,560,,,0,70,,26241,560,,,0,30,,26242,560,,,0,70,,26243,560,,,0,30,,26244,560,,,0,70,,26245,560,,,0,30,,26246,560,,,0,70,,26247,560,,,0,30,,26248,560,,,0,70,,26249,560,,,0,30,,26250,560,,,0,70,,26251,560,,,0,28,,26252,560,,,0,70,,26253,560,,,0,30,,26254,560,,,0,70,,26255,560,,,0,30,,26256,560,,,0,69,,26257,560,,,0,30,,26258,560,,,0,70,,26259,560,,,0,30,,26260,560,,,0,60,,26261,560,,,0,29,,26262,560,,,0,70,,26263,560,,,0,30,,26264,560,,,0,70,,26265,560,,,0,109,,26266,560,,,0
70900,'Fête-2-01',628,,26268,560,0,11 12 13,0,79,,26269,560,0,11 12 13,0,20,,26270,560,0,11 12 13,0,7,,26271,560,0,11 12 13,0,78,,26272,560,0,11 12 13,0,19,,26273,560,0,11 12 13,0,25,,26274,560,0,11 12 13,0,68,,26275,560,0,11 12 13,0,34,,26276,560,0,11 12 13,0,65,,26314,560,0,11 12 13,0,28,,26277,560,0,11 12 13,0,55,,26278,560,0,11 12 13,0,29,,26279,560,0,11 12 13,0,15,,26280,560,0,11 12 13,0,55,,26281,560,0,11 12 13,0,23,,26282,560,0,11 12 13,0,31,,26283,560,0,11 12 13,0,55,,26310,560,0,11 12 13,0,15,,26313,560,0,11 12 13,0,15,,26312,560,0,11 12 13,0,70,,26311,560,0,11 12 13,0,45,,26309,560,0,11 12 13,0,55,,26284,560,0,11 12 13,0,24,,26285,560,0,11 12 13,0,85,,26286,560,,,0,31,,26287,560,,,0,60,,26307,560,,,0,16,,26308,560,,,0,8,,26301,560,,,0,15,,26306,560,,,0,51,,26302,560,,,0,12,,26303,560,,,0,9,,26304,560,,,0,10,,26305,560,,,0,12,,26300,560,,,0,65,,26288,560,,,0,13,,26289,560,,,0,11,,26290,560,,,0,11,,26291,560,,,0,67,,26299,560,,,0,19,,26292,560,,,0,69,,26293,560,,,0,22,,26316,560,,,0,30,,26294,560,,,0,54,,26295,560,,,0,97,,26296,560,,,0,29,,26297,560,,,0,82,,26315,560,,,0,99,,26298,560,,,0,108,,26267,560,,,0
70900,'Semaine-01',628,,26322,560,0,11 12 13,0,12,,26380,560,0,11 12 13,0,67,,26323,560,0,11 12 13,0,10,,26324,560,0,11 12 13,0,10,,26325,560,0,11 12 13,0,7,,26326,560,0,11 12 13,0,19,,26327,560,0,11 12 13,0,59,,26328,560,0,11 12 13,0,10,,26329,560,0,11 12 13,0,9,,26330,560,0,11 12 13,0,13,,26331,560,0,11 12 13,0,12,,26332,560,0,11 12 13,0,57,,26333,560,0,11 12 13,0,11,,26334,560,0,11 12 13,0,19,,26378,560,0,11 12 13,0,15,,26335,560,0,11 12 13,0,65,,26377,560,0,11 12 13,0,15,,26336,560,0,11 12 13,0,13,,26337,560,0,11 12 13,0,55,,26338,560,0,11 12 13,0,29,,26339,560,0,11 12 13,0,15,,26340,560,0,11 12 13,0,55,,26341,560,0,11 12 13,0,23,,26342,560,0,11 12 13,0,31,,26343,560,0,11 12 13,0,55,,26373,560,0,11 12 13,0,15,,26376,560,0,11 12 13,0,15,,26375,560,0,11 12 13,0,70,,26374,560,0,11 12 13,0,45,,26372,560,0,11 12 13,0,55,,26344,560,0,11 12 13,0,24,,26345,560,0,11 12 13,0,85,,26346,560,,,0,15,,26347,560,,,0,16,,26348,560,,,0,60,,26370,560,,,0,16,,26371,560,,,0,8,,26364,560,,,0,15,,26369,560,,,0,51,,26365,560,,,0,12,,26366,560,,,0,9,,26367,560,,,0,10,,26368,560,,,0,12,,26363,560,,,0,53,,26349,560,,,0,12,,26350,560,,,0,13,,26351,560,,,0,11,,26352,560,,,0,11,,26353,560,,,0,67,,26362,560,,,0,19,,26354,560,,,0,69,,26355,560,,,0,22,,26381,560,,,0,30,,26356,560,,,0,54,,26357,560,,,0,27,,26358,560,,,0,70,,26359,560,,,0,29,,26360,560,,,0,82,,26379,560,,,0,99,,26361,560,,,0,108,,26321,560,,,0
70900,'Week-end-01',708,,21010,560,,,0,25,,21011,560,,,0,15,,21012,560,,,0,70,,21013,560,,,0,30,,21014,560,,,0,71,,21015,560,,,0,30,,21016,560,,,0,72,,21017,560,,,0,30,,21018,560,,,0,70,,21019,560,,,0,30,,21020,560,,,0,70,,21021,560,,,0,30,,21022,560,,,0,70,,21023,560,,,0,30,,21024,560,,,0,70,,21025,560,,,0,30,,21026,560,,,0,70,,21027,560,,,0,30,,21028,560,,,0,70,,21029,560,,,0,30,,21030,560,,,0,70,,21031,560,,,0,30,,21032,560,,,0,70,,21033,560,,,0,28,,21034,560,,,0,70,,21035,560,,,0,30,,21036,560,,,0,70,,21037,560,,,0,30,,21038,560,,,0,69,,21039,560,,,0,30,,21040,560,,,0,70,,21041,560,,,0,30,,21042,560,,,0,60,,21043,560,,,0,29,,21044,560,,,0,70,,21045,560,,,0,30,,21046,560,,,0,70,,21047,560,,,0,109,,21048,560,,,0
