22600,'Fête-1-01',814,,23493,420,,,0,201,,23487,420,,,0,205,,23488,420,,,0,198,,23489,420,,,0,199,,23490,420,,,0,200,,23494,420,,,0,199,,23491,420,,,0
22600,'Fête-2-01',523,,23517,260,0,6 7,0,30,,23518,260,0,6 7,0,80,,23495,420,,,0,70,,23496,420,,,0,36,,23497,420,,,0,81,,23498,420,,,0,80,,23499,420,,,0,50,,23500,420,,,0,100,,23501,420,,,0,100,,23502,420,,,0,100,,23503,420,,,0,101,,23504,420,,,0,100,,23505,420,,,0,100,,23506,420,,,0,100,,23507,420,,,0,80,,23508,420,,,0,78,,23509,420,,,0,40,,23510,420,,,0,70,,23511,420,,,0,30,,23512,420,,,0,98,,23513,420,,,0,98,,23514,420,,,0,100,,23515,420,,,0,98,,23516,420,,,0
22600,'Semaine-01',523,,23541,260,0,6 7,0,30,,23542,260,0,6 7,0,80,,23519,420,,,0,70,,23520,420,,,0,36,,23521,420,,,0,81,,23522,420,,,0,80,,23523,420,,,0,50,,23524,420,,,0,100,,23525,420,,,0,100,,23526,420,,,0,100,,23527,420,,,0,101,,23528,420,,,0,100,,23529,420,,,0,100,,23530,420,,,0,100,,23531,420,,,0,80,,23532,420,,,0,78,,23533,420,,,0,40,,23534,420,,,0,70,,23535,420,,,0,30,,23536,420,,,0,98,,23537,420,,,0,98,,23538,420,,,0,100,,23539,420,,,0,98,,23540,420,,,0
22600,'Week-end-01',814,,17611,420,,,0,201,,17605,420,,,0,205,,17606,420,,,0,198,,17607,420,,,0,199,,17608,420,,,0,200,,17612,420,,,0,199,,17609,420,,,0
22800,'Fête-1-01',831,,23605,510,,,0,200,,23602,510,,,0,200,,23603,510,,,0,200,,23598,510,,,0,200,,23600,510,,,0,200,,23604,510,,,0,200,,23601,510,,,0
22800,'Fête-2-01',549,,23606,70,0,6 7,0,70,,23629,70,0,6 7,0,25,,23607,510,,,0,76,,23608,510,,,0,35,,23609,510,,,0,80,,23610,510,,,0,80,,23611,510,,,0,44,,23612,510,,,0,100,,23613,510,,,0,100,,23614,510,,,0,100,,23615,510,,,0,100,,23616,510,,,0,100,,23617,510,,,0,100,,23618,510,,,0,146,,23619,510,,,0,40,,23620,510,,,0,80,,23621,510,,,0,80,,23622,510,,,0,24,,23623,510,,,0,30,,23624,510,,,0,100,,23625,510,,,0,100,,23626,510,,,0,100,,23627,510,,,0
22800,'Semaine-01',549,,23630,70,0,6 7,0,70,,23653,70,0,6 7,0,25,,23631,510,,,0,76,,23632,510,,,0,35,,23633,510,,,0,80,,23634,510,,,0,80,,23635,510,,,0,44,,23636,510,,,0,100,,23637,510,,,0,100,,23638,510,,,0,100,,23639,510,,,0,100,,23640,510,,,0,100,,23641,510,,,0,100,,23642,510,,,0,146,,23643,510,,,0,40,,23644,510,,,0,80,,23645,510,,,0,80,,23646,510,,,0,24,,23647,510,,,0,30,,23648,510,,,0,100,,23649,510,,,0,100,,23650,510,,,0,100,,23651,510,,,0
22800,'Week-end-01',831,,17738,510,,,0,200,,17735,510,,,0,200,,17736,510,,,0,200,,17731,510,,,0,200,,17733,510,,,0,200,,17737,510,,,0,200,,17734,510,,,0
70801,'Fête-1-01',632,,26134,130,,,0,98,,26150,130,,,0,74,,26135,130,,,0,100,,26136,130,,,0,51,,26137,130,,,0,100,,26138,130,,,0,100,,26139,130,,,0,100,,26140,130,,,0,100,,26141,130,,,0,100,,26142,130,,,0,100,,26143,130,,,0,100,,26144,130,,,0,100,,26145,130,,,0,100,,26146,130,,,0,102,,26147,130,,,0,100,,26148,130,,,0,100,,26149,130,,,0,80,,26132,130,,,0,118,,26133,130,,,0
70801,'Fête-2-01',442,,26151,130,,,0,69,,26152,130,,,0,45,,26153,130,,,0,70,,26154,130,,,0,30,,26155,130,,,0,70,,26156,130,,,0,30,,26157,130,,,0,70,,26158,130,,,0,30,,26159,130,,,0,100,,26160,130,,,0,100,,26161,130,,,0,100,,26162,130,,,0,100,,26163,130,,,0,100,,26164,130,,,0,100,,26165,130,,,0,100,,26166,130,,,0,70,,26167,130,,,0,30,,26168,130,,,0,75,,26169,130,,,0,70,,26170,130,,,0,30,,26171,130,,,0,25,,26172,130,,,0,100,,26173,130,,,0,100,,26174,130,,,0,100,,26175,130,,,0,100,,26176,130,,,0,96,,26177,130,,,0,100,,26183,130,,,0
70801,'Semaine-01',442,,26184,130,,,0,69,,26185,130,,,0,45,,26186,130,,,0,70,,26187,130,,,0,25,,26227,130,,,0,5,,26188,130,,,0,70,,26189,130,,,0,30,,26190,130,,,0,70,,26191,130,,,0,30,,26192,130,,,0,70,,26193,130,,,0,30,,26194,130,,,0,70,,26195,130,,,0,30,,26196,130,,,0,70,,26197,130,,,0,30,,26198,130,,,0,70,,26199,130,,,0,30,,26200,130,,,0,70,,26201,130,,,0,30,,26202,130,,,0,70,,26203,130,,,0,30,,26204,130,,,0,70,,26205,130,,,0,30,,26206,130,,,0,70,,26207,130,,,0,30,,26208,130,,,0,75,,26209,130,,,0,70,,26210,130,,,0,30,,26211,130,,,0,25,,26212,130,,,0,70,,26213,130,,,0,30,,26214,130,,,0,70,,26215,130,,,0,30,,26216,130,,,0,100,,26217,130,,,0,100,,26218,130,,,0,96,,26219,130,,,0,100,,26226,130,,,0
70801,'Week-end-01',632,,20854,130,,,0,98,,20870,130,,,0,74,,20855,130,,,0,100,,20856,130,,,0,51,,20857,130,,,0,100,,20858,130,,,0,100,,20859,130,,,0,100,,20860,130,,,0,100,,20861,130,,,0,100,,20862,130,,,0,100,,20863,130,,,0,100,,20864,130,,,0,100,,20865,130,,,0,100,,20866,130,,,0,102,,20867,130,,,0,100,,20868,130,,,0,100,,20869,130,,,0,80,,20852,130,,,0,118,,20853,130,,,0
