23001,'Semaine-03',615,,21547,180,,,0,33,,21540,180,,,0,70,,21541,180,,,0,31,,21542,180,,,0,70,,21543,180,,,0,30,,21544,180,,,0,70,,21545,180,,,0,100,,21546,180,,,0,105,,21555,180,,,0,107,,21556,180,,,0,115,,21557,180,,,0,155,,21558,180,,,0,116,,21560,180,,,0,39,,21552,180,,,0,72,,21553,180,,,0,75,,21554,180,,,0,30,,21551,180,,,0,69,,21559,180,,,0,29,,21550,180,,,0,100,,21549,180,,,0,100,,21548,180,,,0,99,,21539,180,,,0
23001,'Week-end-01',814,,17871,180,,,0,101,,17883,180,,,0,100,,17872,180,,,0,101,,17877,180,,,0,102,,17884,180,,,0,100,,17878,180,,,0,100,,17879,180,,,0,99,,17880,180,,,0,100,,17882,180,,,0,99,,17875,180,,,0,100,,17876,180,,,0,98,,17881,180,,,0,99,,17874,180,,,0,100,,17873,180,,,0,100,,17870,180,,,0
23200,'Semaine-03',607,,21614,60,,,0,26,,21615,60,,,0,74,,21616,60,,,0,28,,21617,60,,,0,72,,21618,60,,,0,34,,21619,60,,,0,99,,21620,60,,,0,100,,21621,60,,,0,100,,21622,60,,,0,100,,21623,60,,,0,101,,21624,60,,,0,100,,21625,60,,,0,101,,21626,60,,,0,75,,21627,60,,,0,32,,21628,60,,,0,96,,21629,60,,,0,68,,21630,60,,,0,36,,21631,60,,,0,95,,21632,60,,,0,95,,21633,60,,,0,100,,21634,60,,,0
23200,'Week-end-01',912,,18030,60,,,0,100,,18025,60,,,0,100,,18031,60,,,0,100,,18024,60,,,0,100,,18032,60,,,0,100,,18023,60,,,0,100,,18033,60,,,0,100,,18028,60,,,0,100,,18034,60,,,0,100,,18027,60,,,0,100,,18035,60,,,0,100,,18022,60,,,0,100,,18036,60,,,0,100,,18029,60,,,0
23701,'Semaine-03',559,,21819,70,,,0,76,,21802,70,,,0,20,,21820,70,,,0,84,,21815,70,,,0,90,,21803,70,,,0,107,,21817,70,,,0,104,,21816,70,,,0,100,,21804,70,,,0,100,,21805,70,,,0,100,,21806,70,,,0,100,,21807,70,,,0,97,,21808,70,,,0,169,,21812,70,,,0,36,,21809,70,,,0,117,,21813,70,,,0,145,,21810,70,,,0,100,,21814,70,,,0,108,,21811,70,,,0
23701,'Week-end-01',908,,18402,70,,,0,98,,18393,70,,,0,100,,18399,70,,,0,100,,18401,70,,,0,100,,18390,70,,,0,100,,18392,70,,,0,100,,18391,70,,,0,100,,18398,70,,,0,100,,18394,70,,,0,100,,18396,70,,,0,100,,18397,70,,,0,101,,18400,70,,,0,100,,18395,70,,,0,100,,18403,70,,,0
23801,'Semaine-03',611,,21853,60,,,0,22,,21854,60,,,0,78,,21855,60,,,0,22,,21856,60,,,0,99,,21857,60,,,0,109,,21837,60,,,0,100,,21838,60,,,0,100,,21839,60,,,0,100,,21840,60,,,0,100,,21841,60,,,0,100,,21842,60,,,0,100,,21843,60,,,0,78,,21844,60,,,0,32,,21845,60,,,0,74,,21859,60,,,0,31,,21846,60,,,0,75,,21858,60,,,0,70,,21860,60,0,8 39 1 40,0,40,,21847,60,,,0,100,,21850,60,,,0,100,,21849,60,,,0,105,,21848,60,0,8 39 1 40,0
23801,'Week-end-01',840,,18477,60,,,0,100,,18480,60,,,0,100,,18481,60,,,0,100,,18474,60,,,0,100,,18482,60,,,0,100,,18472,60,,,0,100,,18471,60,,,0,100,,18470,60,,,0,100,,18469,60,,,0,100,,18476,60,,,0,100,,18475,60,,,0,100,,18478,60,,,0,98,,18479,60,,,0,100,,18473,60,,,0,100,,18483,60,0,8 39 1 40,0
70901,'Semaine-03',425,,23183,70,,,0,30,,23225,70,,,0,60,,23181,70,,,0,10,,23180,70,,,0,20,,23182,70,,,0,60,,23184,70,,,0,20,,23185,70,,,0,25,,23186,70,,,0,51,,23187,70,,,0,20,,23188,70,,,0,10,,23189,70,,,0,10,,23190,70,,,0,60,,23191,70,,,0,10,,23192,70,,,0,15,,23193,70,,,0,15,,23195,70,,,0,15,,23231,70,,,0,55,,23194,70,,,0,30,,23196,70,,,0,15,,23197,70,,,0,62,,23198,100,,,0,30,,23199,100,,,0,55,,23200,100,,,0,15,,23201,100,,,0,15,,23202,100,,,0,15,,23234,100,,,0,55,,23203,100,,,0,15,,23235,100,,,0,30,,23204,100,,,0,55,,23205,100,,,0,15,,23206,100,,,0,30,,23226,100,,,0,70,,23227,100,,,0,30,,23228,100,,,0,55,,23229,100,,,0,15,,23230,100,,,0,85,,23208,100,,,0,15,,23207,100,,,0,30,,23209,100,,,0,55,,23210,100,,,0,25,,23211,100,,,0,15,,23232,100,,,0,15,,23233,100,,,0,55,,23212,100,,,0,20,,23213,100,,,0,15,,23214,100,,,0,55,,23215,100,,,0,23,,23216,70,,,0,30,,23217,70,,,0,55,,23218,70,,,0,29,,23219,70,,,0,70,,23220,70,,,0,30,,23221,70,,,0,85,,23222,70,,,0,100,,23223,70,,,0,108,,23224,70,,,0
70901,'Week-end-01',555,,21198,70,,,0,70,,21199,70,,,0,29,,21200,70,,,0,70,,21201,70,,,0,30,,21202,70,,,0,55,,21203,70,,,0,30,,21204,70,,,0,70,,21205,70,,,0,30,,21206,70,,,0,70,,21207,70,,,0,30,,21208,70,,,0,70,,21209,70,,,0,30,,21210,70,,,0,70,,21211,70,,,0,30,,21212,70,,,0,70,,21213,70,,,0,30,,21214,70,,,0,70,,21215,70,,,0,30,,21216,70,,,0,70,,21217,70,,,0,30,,21218,70,,,0,70,,21219,70,,,0,30,,21220,70,,,0,70,,21221,70,,,0,30,,21222,70,,,0,70,,21223,70,,,0,31,,21224,70,,,0,70,,21225,70,,,0,30,,21226,70,,,0,71,,21227,70,,,0,30,,21228,70,,,0,70,,21229,70,,,0,30,,21230,70,,,0,71,,21231,70,,,0,30,,21232,70,,,0,70,,21233,70,,,0,111,,21234,70,,,0
