23101,'Semaine-03',700,,21576,540,4,,0,24,,21577,540,4,,0,77,,21578,540,4,,0,27,,21579,540,4,,0,73,,21580,540,4,,0,53,,21581,540,4,,0,100,,21582,540,4,,0,100,,21583,540,4,,0,100,,21584,540,4,,0,100,,21585,540,4,,0,101,,21586,540,4,,0,102,,21587,540,4,,0,88,,21588,540,4,,0,72,,21589,540,4,,0,25,,21590,540,4,,0,67,,21591,540,4,,0,30,,21592,540,4,,0,67,,21593,540,4,,0,44,,21594,540,4,,0,100,,21595,540,4,,0,102,,21596,540,4,,0,99,,21597,540,4,,0
23101,'Week-end-01',920,,17953,540,4,,0,100,,17952,540,4,,0,100,,17954,540,4,,0,100,,17950,540,4,,0,100,,17955,540,4,,0,100,,17949,540,4,,0,100,,17956,540,4,,0,100,,17948,540,4,,0,100,,17957,540,4,,0,100,,17951,540,4,,0,100,,17958,540,4,,0,100,,17947,540,4,,0,100,,17959,540,4,,0,100,,17946,540,4,,0
23200,'Semaine-03',557,,21635,240,4,,0,66,,21636,240,4,,0,31,,21614,520,4,,0,66,,21615,520,4,,0,34,,21616,520,4,,0,70,,21617,520,4,,0,32,,21618,520,4,,0,70,,21619,520,4,,0,99,,21620,520,4,,0,100,,21621,520,4,,0,101,,21622,520,4,,0,100,,21623,520,4,,0,102,,21624,520,4,,0,102,,21625,520,4,,0,106,,21626,520,4,,0,77,,21627,520,4,,0,30,,21628,520,4,,0,87,,21629,520,4,,0,28,,21630,520,4,,0,73,,21631,520,4,,0,95,,21632,520,4,,0,94,,21633,520,4,,0,100,,21634,520,4,,0
23200,'Week-end-01',830,,18026,240,4,,0,123,,18030,520,4,,0,100,,18025,520,4,,0,100,,18031,520,4,,0,101,,18024,520,4,,0,101,,18032,520,4,,0,101,,18023,520,4,,0,100,,18033,520,4,,0,98,,18028,520,4,,0,99,,18034,520,4,,0,99,,18027,520,4,,0,100,,18035,520,4,,0,100,,18022,520,4,,0,100,,18036,520,4,,0,99,,18029,520,4,,0
23300,'Semaine-03',700,,21645,730,4,,0,43,,21646,730,4,,0,159,,21656,730,4,,0,228,,21647,730,4,,0,200,,21648,730,4,,0,204,,21649,730,4,,0,175,,21650,730,4,,0,103,,21651,730,4,,0,100,,21655,730,4,,0,103,,21652,730,4,,0,115,,21653,730,4,,0
23300,'Week-end-01',925,,18073,730,4,,0,200,,18075,730,4,,0,199,,18071,730,4,,0,205,,18076,730,4,,0,200,,18074,730,4,,0,196,,18072,730,4,,0,200,,18069,730,4,,0
23400,'Semaine-03',558,,21676,510,4,,0,65,,21675,510,4,,0,97,,21665,740,4,,0,106,,21678,740,4,,0,103,,21666,740,4,,0,100,,21667,740,4,,0,200,,21668,740,4,,0,200,,21669,740,4,,0,203,,21670,740,4,,0,108,,21671,740,4,,0,102,,21672,740,4,,0,95,,21677,740,4,,0,91,,21673,740,4,,0,200,,21674,740,4,,0
23400,'Week-end-01',830,,18120,510,4,,0,196,,18118,740,4,,0,200,,18116,740,4,,0,204,,18113,740,4,,0,200,,18115,740,4,,0,195,,18114,740,4,,0,200,,18119,740,4,,0,200,,18117,740,4,,0
23501,'Semaine-03',559,,21731,350,4,,0,60,,21752,350,4,,0,40,,21733,350,4,,0,60,,21732,350,4,,0,81,,21735,350,4,,0,27,,21734,350,4,,0,103,,21736,350,4,,0,100,,21737,350,4,,0,100,,21738,350,4,,0,100,,21739,350,4,,0,100,,21740,350,4,,0,100,,21741,350,4,,0,107,,21742,350,4,,0,76,,21744,350,4,,0,38,,21743,350,4,,0,79,,21745,350,4,,0,29,,21747,350,4,,0,74,,21746,350,4,,0,99,,21748,350,4,,0,100,,21749,350,4,,0,99,,21750,350,4,,0,100,,21751,350,4,,0
23501,'Week-end-01',826,,18260,350,4,,0,100,,18264,350,4,,0,100,,18257,350,4,,0,100,,18258,350,4,,0,101,,18254,350,4,,0,100,,18256,350,4,,0,100,,18255,350,4,,0,100,,18259,350,4,,0,100,,18262,350,4,,0,100,,18267,350,4,,0,100,,18268,350,4,,0,99,,18261,350,4,,0,100,,18263,350,4,,0,100,,18265,350,4,,0,100,,18266,350,4,,0
23600,'Semaine-03',629,,21768,390,4,,0,110,,21769,390,4,,0,81,,21786,390,4,,0,39,,21770,390,4,,0,75,,21771,390,4,,0,95,,21772,390,4,,0,99,,21773,390,4,,0,102,,21774,390,4,,0,100,,21775,390,4,,0,100,,21776,390,4,,0,100,,21777,390,4,,0,100,,21778,390,4,,0,85,,21779,390,4,,0,38,,21780,390,4,,0,83,,21781,390,4,,0,164,,21782,390,4,,0,103,,21783,390,4,,0,100,,21784,390,4,,0
23600,'Week-end-01',902,,18333,390,4,,0,100,,18324,390,4,,0,100,,18334,390,4,,0,101,,18322,390,4,,0,100,,18330,390,4,,0,100,,18326,390,4,,0,100,,18332,390,4,,0,100,,18323,390,4,,0,100,,18336,390,4,,0,100,,18325,390,4,,0,100,,18331,390,4,,0,100,,18327,390,4,,0,100,,18329,390,4,,0,100,,18328,390,4,,0
23701,'Semaine-03',550,,21818,230,4,,0,74,,21819,400,4,,0,76,,21802,400,4,,0,20,,21820,400,4,,0,84,,21815,400,4,,0,50,,21803,400,4,,0,146,,21817,400,4,,0,106,,21816,400,4,,0,100,,21804,400,4,,0,100,,21805,400,4,,0,100,,21806,400,4,,0,100,,21807,400,4,,0,97,,21808,400,4,,0,129,,21812,400,4,,0,76,,21809,400,4,,0,116,,21813,400,4,,0,105,,21810,400,4,,0,100,,21814,400,4,,0,106,,21811,400,4,,0
23701,'Week-end-01',830,,18404,230,4,,0,100,,18402,400,4,,0,100,,18393,400,4,,0,100,,18399,400,4,,0,100,,18401,400,4,,0,100,,18390,400,4,,0,100,,18392,400,4,,0,100,,18391,400,4,,0,100,,18398,400,4,,0,100,,18394,400,4,,0,100,,18396,400,4,,0,100,,18397,400,4,,0,100,,18400,400,4,,0,100,,18395,400,4,,0,100,,18403,400,4,,0
23801,'Semaine-03',557,,21851,260,4,,0,64,,21852,260,4,,0,38,,21853,360,4,,0,62,,21854,360,4,,0,85,,21855,360,4,,0,22,,21856,360,4,,0,99,,21857,360,4,,0,103,,21837,360,4,,0,100,,21838,360,4,,0,100,,21839,360,4,,0,100,,21840,360,4,,0,100,,21841,360,4,,0,100,,21842,360,4,,0,100,,21843,360,4,,0,83,,21844,360,4,,0,32,,21845,360,4,,0,74,,21859,360,4,,0,31,,21846,360,4,,0,75,,21858,360,4,,0,105,,21847,360,4,,0,100,,21850,360,4,,0,100,,21849,360,4,,0
23801,'Week-end-01',830,,18484,260,4,,0,93,,18477,360,4,,0,105,,18480,360,4,,0,100,,18481,360,4,,0,100,,18474,360,4,,0,100,,18482,360,4,,0,100,,18472,360,4,,0,100,,18471,360,4,,0,100,,18470,360,4,,0,100,,18469,360,4,,0,100,,18476,360,4,,0,98,,18475,360,4,,0,100,,18478,360,4,,0,98,,18479,360,4,,0,97,,18473,360,4,,0
23900,'Semaine-03',555,,21892,400,4,,0,70,,21889,400,4,,0,75,,21877,590,4,,0,20,,21901,590,4,,0,35,,21878,590,4,,0,70,,21879,590,4,,0,30,,21893,590,4,,0,70,,21890,590,4,,0,95,,21880,590,4,,0,100,,21881,590,4,,0,102,,21882,590,4,,0,106,,21883,590,4,,0,100,,21884,590,4,,0,97,,21885,590,4,,0,103,,21886,590,4,,0,75,,21887,590,4,,0,37,,21898,590,4,,0,74,,21899,590,4,,0,18,,21894,590,4,,0,75,,21891,590,4,,0,23,,21888,590,4,,0,78,,21900,590,4,,0,108,,21897,590,4,,0,98,,21896,590,4,,0
23900,'Week-end-01',830,,18566,400,4,,0,85,,18551,590,4,,0,102,,18559,590,4,,0,107,,18560,590,4,,0,104,,18561,590,4,,0,100,,18562,590,4,,0,100,,18563,590,4,,0,100,,18564,590,4,,0,100,,18557,590,4,,0,96,,18553,590,4,,0,98,,18552,590,4,,0,96,,18554,590,4,,0,95,,18555,590,4,,0,100,,18556,590,4,,0,100,,18558,590,4,,0
