24001,'Semaine-03',535,,21902,30,,,0,24,,21903,30,,,0,74,,21904,30,,,0,23,,21905,30,,,0,103,,21906,30,,,0,142,,21907,30,,,0,100,,21908,30,,,0,100,,21909,30,,,0,100,,21910,30,,,0,100,,21911,30,,,0,100,,21912,30,,,0,107,,21913,30,,,0,112,,21914,30,,,0,100,,21915,30,,,0,28,,21916,30,,,0,71,,21917,30,,,0,33,,21918,30,,,0,97,,21919,30,,,0,68,,21920,30,,,0,99,,21921,30,,,0,98,,21922,30,,,0,97,,21923,30,,,0
24300,'Semaine-03',626,,21986,30,,,0,22,,21987,30,,,0,88,,21988,30,,,0,18,,21989,30,,,0,88,,21990,30,,,0,14,,21991,30,,,0,145,,21992,30,,,0,100,,21993,30,,,0,100,,21994,30,,,0,100,,21995,30,,,0,100,,21996,30,,,0,110,,21997,30,,,0,40,,21998,30,,,0,75,,21999,30,,,0,85,,22000,30,,,0,30,,22001,30,,,0,77,,22002,30,,,0,35,,22003,30,,,0,73,,22004,30,,,0,84,,22005,30,,,0,102,,22006,30,,,0,100,,22007,30,,,0,100,,21983,30,0,8 9 1 10,0
24601,'Semaine-03',526,,22017,30,,,0,86,,22016,30,,,0,88,,22015,30,,,0,51,,22014,30,,,0,93,,22013,30,,,0,698,,22012,30,,,0,91,,22011,30,,,0,93,,22010,30,,,0,93,,22009,30,,,0,89,,22008,30,,,0
24700,'Semaine-03',635,,22032,30,,,0,82,,22033,30,,,0,103,,22034,30,,,0,186,,22040,30,,,0,130,,22041,30,,,0,170,,22038,30,,,0,130,,22039,30,,,0,71,,22027,30,,,0,112,,22028,30,,,0,92,,22029,30,,,0,107,,22030,30,,,0,33,,22031,30,,,0,161,,22035,30,,,0,129,,22036,30,,,0,170,,22037,30,,,0
24700,'Week-end-01',806,,18844,30,,,0,130,,18838,30,,,0,170,,18840,30,,,0,130,,18845,30,,,0,170,,18846,30,,,0,130,,18841,30,,,0,170,,18839,30,,,0,130,,18842,30,,,0,170,,18843,30,,,0
24900,'Semaine-03',637,,22090,30,,,0,65,,22091,30,,,0,33,,22092,30,,,0,98,,22093,30,,,0,174,,22094,30,,,0,100,,22095,30,,,0,100,,22096,30,,,0,100,,22097,30,,,0,100,,22098,30,,,0,106,,22099,30,,,0,35,,22100,30,,,0,73,,22101,30,,,0,92,,22102,30,,,0,32,,22103,30,,,0,76,,22104,30,,,0,91,,22105,30,,,0,100,,22106,30,,,0,100,,22107,30,,,0,100,,22108,30,,,0,100,,22089,30,,,0
24900,'Week-end-01',806,,18970,30,0,5,0,130,,18971,30,0,5,0,170,,18980,30,0,5,0,130,,18972,30,0,5,0,170,,18973,30,0,5,0,130,,18974,30,0,5,0,170,,18975,30,0,5,0,130,,18976,30,0,5,0,170,,18977,30,0,5,0,130,,18978,30,0,5,0,170,,18979,30,0,5,0
25000,'Semaine-03',634,,22161,30,,,0,23,,22162,30,,,0,73,,22163,30,,,0,25,,22164,30,,,0,82,,22165,30,,,0,164,,22166,30,,,0,101,,22167,30,,,0,100,,22168,30,,,0,100,,22169,30,,,0,100,,22170,30,,,0,105,,22171,30,,,0,50,,22172,30,,,0,64,,22173,30,,,0,98,,22174,30,,,0,26,,22175,30,,,0,71,,22176,30,,,0,35,,22177,30,,,0,70,,22178,30,,,0,90,,22179,30,,,0,104,,22180,30,,,0,96,,22181,30,,,0,100,,22182,30,,,0
25000,'Week-end-01',806,,19110,30,,,0,100,,19108,30,,,0,30,,19111,30,,,0,100,,19112,30,,,0,70,,19113,30,,,0,100,,19109,30,,,0,30,,19126,30,,,0,100,,19121,30,,,0,70,,19124,30,,,0,100,,19127,30,,,0,30,,19118,30,,,0,100,,19117,30,,,0,70,,19119,30,,,0,100,,19120,30,,,0,30,,19125,30,,,0,100,,19115,30,,,0,70,,19128,30,,,0,100,,19122,30,,,0,30,,19114,30,,,0,100,,19123,30,,,0,70,,19116,30,,,0
25100,'Semaine-03',901,,22244,30,,,0,100,,22243,30,,,0,100,,22252,30,,,0,100,,22248,30,,,0,100,,22251,30,,,0,100,,22246,30,,,0,615,,22249,30,,,0,97,,22247,30,,,0,98,,22245,30,,,0,100,,22250,30,0,8 27 75,0
25100,'Week-end-01',806,,19267,30,,,0,100,,19265,30,,,0,100,,19268,30,,,0,100,,19264,30,,,0,100,,19263,30,,,0,100,,19266,30,,,0,100,,19259,30,,,0,100,,19262,30,,,0,100,,19258,30,,,0,100,,19260,30,,,0,100,,19256,30,,,0,100,,19261,30,,,0,100,,19253,30,,,0,100,,19254,30,,,0,100,,19255,30,,,0,100,,19257,30,0,8 27 75,0
25201,'Semaine-03',605,,22261,30,,,0,38,,22253,30,,,0,76,,22267,30,,,0,36,,22265,30,,,0,73,,22262,30,,,0,678,,22263,30,,,0,40,,22259,30,,,0,73,,22256,30,,,0,31,,22258,30,,,0,71,,22264,30,,,0,30,,22254,30,,,0,69,,22266,30,,,0,31,,22260,30,,,0,69,,22257,30,,,0,28,,22255,30,,,0
60000,'Semaine-03',704,,22798,740,,,0,36,,22800,740,,,0,70,,22802,740,,,0,30,,22804,740,,,0,70,,22806,740,,,0,30,,22807,740,,,0,94,,22808,740,,,0,100,,22809,740,,,0,170,,22810,740,,,0,100,,22811,740,,,0,130,,22812,740,,,0,101,,22795,740,,,0,70,,22794,740,,,0,30,,22793,740,,,0,100,,22792,740,,,0,99,,22805,740,,,0,100,,22803,740,,,0,100,,22801,740,,,0,96,,22799,740,,,0,104,,22797,740,,,0
60000,'Week-end-01',734,,20388,740,,,0,100,,20387,740,,,0,100,,20386,740,,,0,100,,20385,740,,,0,100,,20384,740,,,0,100,,20383,740,,,0,100,,20382,740,,,0,100,,20381,740,,,0,100,,20380,740,,,0,100,,20379,740,,,0,100,,20378,740,,,0,100,,20377,740,,,0,100,,20376,740,,,0,100,,20375,740,,,0,100,,20374,740,,,0,100,,20372,740,,,0,88,,20373,740,,,0
70900,'Semaine-03',551,,23094,110,0,11 12 13,0,78,,23095,110,0,11 12 13,0,20,,23096,110,0,11 12 13,0,7,,23097,110,0,11 12 13,0,78,,23098,110,0,11 12 13,0,19,,23099,110,0,11 12 13,0,65,,23100,110,0,11 12 13,0,28,,23101,110,0,11 12 13,0,74,,23102,110,0,11 12 13,0,25,,23140,110,0,11 12 13,0,68,,23103,110,0,11 12 13,0,15,,23104,110,0,11 12 13,0,29,,23105,110,0,11 12 13,0,55,,23106,110,0,11 12 13,0,15,,23107,110,0,11 12 13,0,23,,23108,110,0,11 12 13,0,70,,23109,110,0,11 12 13,0,15,,23136,110,0,11 12 13,0,15,,23139,110,0,11 12 13,0,55,,23138,110,0,11 12 13,0,30,,23137,110,0,11 12 13,0,85,,23135,110,0,11 12 13,0,15,,23110,110,0,11 12 13,0,21,,23111,110,0,11 12 13,0,84,,23112,110,,,0,66,,23113,110,,,0,20,,23133,110,,,0,17,,23134,110,,,0,11,,23127,110,,,0,56,,23132,110,,,0,13,,23128,110,,,0,13,,23129,110,,,0,9,,23130,110,,,0,11,,23131,110,,,0,53,,23126,110,,,0,28,,23114,110,,,0,13,,23115,110,,,0,52,,23116,110,,,0,12,,23117,110,,,0,27,,23125,110,,,0,59,,23118,110,,,0,29,,23119,110,,,0,22,,23142,110,,,0,70,,23120,110,,,0,15,,23121,110,,,0,97,,23122,110,,,0,69,,23123,110,,,0,44,,23141,110,,,0,99,,23124,110,,,0,108,,23093,110,,,0
70900,'Week-end-01',636,,21010,110,,,0,65,,21011,110,,,0,15,,21012,110,,,0,30,,21013,110,,,0,70,,21014,110,,,0,30,,21015,110,,,0,70,,21016,110,,,0,30,,21017,110,,,0,70,,21018,110,,,0,30,,21019,110,,,0,70,,21020,110,,,0,30,,21021,110,,,0,70,,21022,110,,,0,30,,21023,110,,,0,70,,21024,110,,,0,30,,21025,110,,,0,70,,21026,110,,,0,30,,21027,110,,,0,70,,21028,110,,,0,30,,21029,110,,,0,70,,21030,110,,,0,30,,21031,110,,,0,70,,21032,110,,,0,30,,21033,110,,,0,70,,21034,110,,,0,30,,21035,110,,,0,70,,21036,110,,,0,30,,21037,110,,,0,70,,21038,110,,,0,30,,21039,110,,,0,70,,21040,110,,,0,30,,21041,110,,,0,70,,21042,110,,,0,20,,21043,110,,,0,70,,21044,110,,,0,30,,21045,110,,,0,70,,21046,110,,,0,30,,21047,110,,,0,109,,21048,110,,,0
