24901,'Fête-1-01',737,,24699,330,,,0,168,,24700,330,,,0,130,,24701,330,,,0,170,,24702,330,,,0,130,,24703,330,,,0,170,,24704,330,,,0,130,,24705,330,,,0,170,,24706,330,,,0,130,,24707,330,,,0,170,,24708,330,,,0,130,,24709,330,,,0
24901,'Fête-2-01',600,,24710,330,,,0,23,,24711,330,,,0,78,,24712,330,,,0,58,,24713,330,,,0,64,,24714,330,,,0,105,,24715,330,,,0,95,,24716,330,,,0,100,,24717,330,,,0,100,,24718,330,,,0,100,,24719,330,,,0,100,,24720,330,,,0,121,,24721,330,,,0,90,,24722,330,,,0,79,,24723,330,,,0,32,,24724,330,,,0,92,,24725,330,,,0,102,,24726,330,,,0,101,,24727,330,,,0,103,,24728,330,,,0,97,,24729,330,,,0
24901,'Semaine-01',600,,24730,330,,,0,23,,24731,330,,,0,78,,24732,330,,,0,57,,24733,330,,,0,65,,24734,330,,,0,105,,24735,330,,,0,95,,24736,330,,,0,100,,24737,330,,,0,100,,24738,330,,,0,100,,24739,330,,,0,100,,24740,330,,,0,99,,24741,330,,,0,22,,24742,330,,,0,90,,24743,330,,,0,79,,24744,330,,,0,34,,24745,330,,,0,90,,24746,330,,,0,102,,24747,330,,,0,101,,24748,330,,,0,103,,24749,330,,,0,97,,24750,330,,,0
24901,'Week-end-01',737,,19032,330,,,0,168,,19033,330,,,0,130,,19034,330,,,0,170,,19035,330,,,0,130,,19036,330,,,0,170,,19037,330,,,0,130,,19038,330,,,0,170,,19039,330,,,0,130,,19040,330,,,0,170,,19041,330,,,0,130,,19042,330,,,0
25301,'Fête-2-01',523,,24900,190,,,0,95,,24903,190,,,0,26,,24904,190,,,0,77,,24901,190,,,0,20,,24902,190,,,0
25301,'Semaine-01',523,,24905,190,,,0,95,,24908,190,,,0,26,,24909,190,,,0,77,,24906,190,,,0,20,,24907,190,,,0
61001,'Fête-1-01',715,,25948,420,0,31 32,0,100,,25949,420,0,31 32,0,100,,25950,420,0,31 32,0,100,,25951,420,0,31 32,0,100,,25952,420,0,31 32,0,100,,25953,420,0,31 32,0,100,,25954,420,0,31 32,0,100,,25955,420,0,31 32,0,100,,25956,420,0,31 32,0,100,,25957,420,0,31 32,0,100,,25958,420,0,31 32,0,99,,25959,420,0,31 32,0,100,,25960,420,0,31 32,0,100,,25961,420,0,31 32,0,100,,25962,420,0,31 32,0,100,,25963,420,0,31 32,0,100,,25964,420,0,31 32,0
61001,'Fête-2-01',549,,25965,420,0,31 32,0,70,,25966,420,,,0,100,,25967,420,,,0,99,,25968,420,,,0,99,,25969,420,,,0,100,,25970,420,,,0,99,,25971,420,,,0,100,,25972,420,,,0,100,,25973,420,,,0,100,,25974,420,,,0,101,,25975,420,,,0,101,,25976,420,,,0,103,,25977,420,,,0,99,,25978,420,,,0,96,,25979,420,,,0,100,,25980,420,,,0,100,,25981,420,,,0,100,,25982,420,0,31 32,0,100,,25983,420,0,31 32,0
61001,'Semaine-01',549,,25984,420,0,31 32,0,70,,25985,420,,,0,30,,25986,420,,,0,70,,25987,420,,,0,30,,25988,420,,,0,69,,25989,420,,,0,29,,26008,420,,,0,70,,25990,420,,,0,100,,25991,420,,,0,99,,25992,420,,,0,100,,25993,420,,,0,100,,25994,420,,,0,100,,25995,420,,,0,101,,25996,420,,,0,101,,25997,420,,,0,33,,25998,420,,,0,70,,25999,420,,,0,29,,26000,420,,,0,70,,26001,420,,,0,26,,26002,420,,,0,70,,26003,420,,,0,100,,26004,420,,,0,100,,26005,420,,,0,100,,26006,420,0,31 32,0,100,,26007,420,0,31 32,0
61001,'Week-end-01',715,,20618,420,0,31 32,0,100,,20619,420,0,31 32,0,100,,20620,420,0,31 32,0,100,,20621,420,0,31 32,0,100,,20622,420,0,31 32,0,100,,20623,420,0,31 32,0,100,,20624,420,0,31 32,0,100,,20625,420,0,31 32,0,100,,20626,420,0,31 32,0,100,,20627,420,0,31 32,0,100,,20628,420,0,31 32,0,99,,20629,420,0,31 32,0,100,,20630,420,0,31 32,0,100,,20631,420,0,31 32,0,100,,20632,420,0,31 32,0,100,,20633,420,0,31 32,0,100,,20634,420,0,31 32,0
