23001,'Fête-1-01',819,,23712,240,,,0,102,,23724,240,,,0,101,,23713,240,,,0,101,,23718,240,,,0,102,,23725,240,,,0,101,,23719,240,,,0,101,,23720,240,,,0,100,,23721,240,,,0,98,,23723,240,,,0,97,,23716,240,,,0,100,,23717,240,,,0,98,,23722,240,,,0,99,,23715,240,,,0,100,,23714,240,,,0,100,,23711,240,,,0
23001,'Fête-2-01',623,,23734,240,,,0,28,,23727,240,,,0,71,,23728,240,,,0,32,,23729,240,,,0,72,,23730,240,,,0,31,,23731,240,,,0,71,,23732,240,,,0,103,,23733,240,,,0,104,,23742,240,,,0,107,,23743,240,,,0,113,,23744,240,,,0,155,,23745,240,,,0,119,,23747,240,,,0,79,,23739,240,,,0,27,,23740,240,,,0,75,,23741,240,,,0,29,,23738,240,,,0,71,,23746,240,,,0,28,,23737,240,,,0,100,,23736,240,,,0,100,,23735,240,,,0,98,,23726,240,,,0
23001,'Semaine-01',623,,23756,240,,,0,28,,23749,240,,,0,71,,23750,240,,,0,32,,23751,240,,,0,72,,23752,240,,,0,31,,23753,240,,,0,71,,23754,240,,,0,103,,23755,240,,,0,104,,23764,240,,,0,107,,23765,240,,,0,113,,23766,240,,,0,155,,23767,240,,,0,119,,23769,240,,,0,79,,23761,240,,,0,27,,23762,240,,,0,75,,23763,240,,,0,29,,23760,240,,,0,71,,23768,240,,,0,28,,23759,240,,,0,100,,23758,240,,,0,100,,23757,240,,,0,98,,23748,240,,,0
23001,'Week-end-01',819,,17871,240,,,0,102,,17883,240,,,0,101,,17872,240,,,0,101,,17877,240,,,0,102,,17884,240,,,0,101,,17878,240,,,0,101,,17879,240,,,0,100,,17880,240,,,0,98,,17882,240,,,0,97,,17875,240,,,0,100,,17876,240,,,0,98,,17881,240,,,0,99,,17874,240,,,0,100,,17873,240,,,0,100,,17870,240,,,0
23200,'Fête-1-01',917,,23839,120,,,0,101,,23834,120,,,0,100,,23840,120,,,0,101,,23833,120,,,0,100,,23841,120,,,0,100,,23832,120,,,0,100,,23842,120,,,0,99,,23837,120,,,0,100,,23843,120,,,0,99,,23836,120,,,0,100,,23844,120,,,0,100,,23831,120,,,0,100,,23845,120,,,0,100,,23838,120,,,0
23200,'Fête-2-01',612,,23846,120,,,0,26,,23847,120,,,0,74,,23848,120,,,0,29,,23849,120,,,0,72,,23850,120,,,0,34,,23851,120,,,0,99,,23852,120,,,0,100,,23853,120,,,0,101,,23854,120,,,0,100,,23855,120,,,0,101,,23856,120,,,0,100,,23857,120,,,0,103,,23858,120,,,0,75,,23859,120,,,0,31,,23860,120,,,0,94,,23861,120,,,0,68,,23862,120,,,0,36,,23863,120,,,0,95,,23864,120,,,0,94,,23865,120,,,0,100,,23866,120,,,0
23200,'Semaine-01',612,,23869,120,,,0,26,,23870,120,,,0,74,,23871,120,,,0,29,,23872,120,,,0,72,,23873,120,,,0,34,,23874,120,,,0,99,,23875,120,,,0,100,,23876,120,,,0,101,,23877,120,,,0,100,,23878,120,,,0,101,,23879,120,,,0,100,,23880,120,,,0,103,,23881,120,,,0,75,,23882,120,,,0,31,,23883,120,,,0,94,,23884,120,,,0,68,,23885,120,,,0,36,,23886,120,,,0,95,,23887,120,,,0,94,,23888,120,,,0,100,,23889,120,,,0
23200,'Week-end-01',917,,18030,120,,,0,101,,18025,120,,,0,100,,18031,120,,,0,101,,18024,120,,,0,100,,18032,120,,,0,100,,18023,120,,,0,100,,18033,120,,,0,99,,18028,120,,,0,100,,18034,120,,,0,99,,18027,120,,,0,100,,18035,120,,,0,100,,18022,120,,,0,100,,18036,120,,,0,100,,18029,120,,,0
23900,'Fête-1-01',844,,24248,170,,,0,102,,24256,170,,,0,101,,24257,170,,,0,103,,24258,170,,,0,100,,24259,170,,,0,100,,24260,170,,,0,100,,24261,170,,,0,100,,24254,170,,,0,97,,24250,170,,,0,100,,24249,170,,,0,100,,24251,170,,,0,98,,24252,170,,,0,100,,24253,170,,,0,100,,24255,170,,,0,100,,24262,170,0,8 82,0
23900,'Fête-2-01',632,,24264,170,,,0,20,,24288,170,,,0,70,,24265,170,,,0,27,,24266,170,,,0,69,,24280,170,,,0,30,,24277,170,,,0,99,,24267,170,,,0,100,,24268,170,,,0,99,,24269,170,,,0,103,,24270,170,,,0,100,,24271,170,,,0,100,,24272,170,,,0,100,,24273,170,,,0,75,,24274,170,,,0,35,,24285,170,,,0,78,,24286,170,,,0,19,,24281,170,,,0,76,,24278,170,,,0,22,,24275,170,,,0,78,,24287,170,,,0,113,,24284,170,,,0,100,,24283,170,,,0,106,,24282,170,0,8 82,0
23900,'Semaine-01',632,,24289,170,,,0,20,,24313,170,,,0,70,,24290,170,,,0,27,,24291,170,,,0,69,,24305,170,,,0,30,,24302,170,,,0,99,,24292,170,,,0,100,,24293,170,,,0,99,,24294,170,,,0,103,,24295,170,,,0,100,,24296,170,,,0,100,,24297,170,,,0,100,,24298,170,,,0,75,,24299,170,,,0,35,,24310,170,,,0,78,,24311,170,,,0,19,,24306,170,,,0,76,,24303,170,,,0,22,,24300,170,,,0,78,,24312,170,,,0,113,,24309,170,,,0,100,,24308,170,,,0,106,,24307,170,0,8 82,0
23900,'Week-end-01',844,,18551,170,,,0,102,,18559,170,,,0,101,,18560,170,,,0,103,,18561,170,,,0,100,,18562,170,,,0,100,,18563,170,,,0,100,,18564,170,,,0,100,,18557,170,,,0,97,,18553,170,,,0,100,,18552,170,,,0,100,,18554,170,,,0,98,,18555,170,,,0,100,,18556,170,,,0,100,,18558,170,,,0,100,,18565,170,0,8 82,0
