24100,'Semaine-03',623,,21924,610,,,0,23,,21925,610,,,0,76,,21926,610,,,0,24,,21927,610,,,0,102,,21928,610,,,0,100,,21929,610,,,0,100,,21930,610,,,0,100,,21931,610,,,0,100,,21932,610,,,0,100,,21933,610,,,0,100,,21934,610,,,0,107,,21935,610,,,0,151,,21936,610,,,0,100,,21937,610,,,0,28,,21938,610,,,0,71,,21939,610,,,0,33,,21940,610,,,0,97,,21941,610,,,0,69,,21942,610,,,0,98,,21943,610,,,0,57,,21944,610,,,0,98,,21945,610,,,0
24300,'Semaine-03',617,,21984,350,0,31 32,0,22,,21985,350,0,31 32,0,83,,21986,600,,,0,22,,21987,600,,,0,87,,21988,600,,,0,18,,21989,600,,,0,85,,21990,600,,,0,14,,21991,600,,,0,106,,21992,600,,,0,100,,21993,600,,,0,100,,21994,600,,,0,100,,21995,600,,,0,100,,21996,600,,,0,156,,21997,600,,,0,40,,21998,600,,,0,72,,21999,600,,,0,84,,22000,600,,,0,30,,22001,600,,,0,78,,22002,600,,,0,32,,22003,600,,,0,72,,22004,600,,,0,84,,22005,600,,,0,100,,22006,600,,,0,100,,22007,600,,,0
24601,'Semaine-03',602,,22017,490,,,0,47,,22016,490,,,0,89,,22015,490,,,0,93,,22014,490,,,0,89,,22013,490,,,0,699,,22012,490,,,0,92,,22011,490,,,0,93,,22010,490,,,0,52,,22009,490,,,0,87,,22008,490,,,0
24701,'Semaine-03',554,,22055,500,,,0,70,,22056,500,,,0,122,,22057,500,,,0,60,,22058,500,,,0,42,,22059,500,,,0,106,,22060,500,,,0,171,,22061,500,,,0,130,,22062,500,,,0,170,,22063,500,,,0,183,,22064,500,,,0,24,,22065,500,,,0,116,,22051,500,,,0,92,,22066,500,,,0,162,,22052,500,,,0,129,,22053,500,,,0,169,,22054,500,,,0
24701,'Week-end-01',755,,18888,500,,,0,170,,18889,500,,,0,130,,18890,500,,,0,170,,18891,500,,,0,130,,18892,500,,,0,170,,18893,500,,,0,130,,18894,500,,,0,170,,18895,500,,,0,130,,18896,500,,,0
24901,'Semaine-03',623,,22120,610,,,0,23,,22121,610,0,8 27 75,0,78,,22122,610,,,0,97,,22123,610,,,0,25,,22124,610,,,0,100,,22125,610,,,0,95,,22126,610,,,0,100,,22127,610,,,0,100,,22128,610,,,0,100,,22129,610,,,0,100,,22130,610,,,0,161,,22131,610,,,0,54,,22132,610,,,0,75,,22133,610,,,0,78,,22134,610,,,0,49,,22135,610,,,0,99,,22136,610,,,0,101,,22137,610,,,0,143,,22138,610,,,0,57,,22139,610,,,0
24901,'Week-end-01',756,,19032,610,,,0,168,,19033,610,,,0,130,,19034,610,,,0,170,,19035,610,,,0,130,,19036,610,,,0,170,,19037,610,,,0,130,,19038,610,,,0,170,,19039,610,,,0,130,,19040,610,,,0,170,,19041,610,,,0,130,,19042,610,,,0
25001,'Semaine-03',620,,22204,580,,,0,25,,22205,580,,,0,72,,22206,580,0,8 27 75,0,22,,22207,580,,,0,85,,22208,580,,,0,94,,22209,580,,,0,28,,22210,580,,,0,95,,22211,580,,,0,100,,22212,580,,,0,103,,22213,580,,,0,100,,22214,580,,,0,102,,22215,580,,,0,155,,22216,580,,,0,102,,22217,580,,,0,26,,22218,580,,,0,30,,22219,580,,,0,68,,22220,580,,,0,81,,22221,580,,,0,47,,22222,580,,,0,147,,22223,580,,,0,55,,22224,580,,,0,99,,22225,580,,,0
25001,'Week-end-01',751,,19212,580,,,0,100,,19196,580,,,0,70,,19199,580,,,0,100,,19206,580,,,0,30,,19207,580,,,0,100,,19198,580,,,0,70,,19201,580,,,0,100,,19209,580,,,0,30,,19210,580,,,0,100,,19197,580,,,0,70,,19208,580,,,0,100,,19200,580,,,0,31,,19205,580,,,0,100,,19211,580,,,0,70,,19202,580,,,0,100,,19203,580,,,0,30,,19195,580,,,0,100,,19204,580,,,0,70,,19213,580,,,0,100,,19194,580,,,0,30,,19214,580,,,0
25100,'Semaine-03',944,,22244,660,,,0,100,,22243,660,,,0,100,,22252,660,,,0,100,,22248,660,,,0,100,,22251,660,,,0,100,,22246,660,,,0,615,,22249,660,,,0,97,,22247,660,,,0,98,,22245,660,,,0
25100,'Week-end-01',754,,19252,320,0,31 32,0,93,,19267,660,,,0,100,,19265,660,,,0,100,,19268,660,,,0,100,,19264,660,,,0,100,,19263,660,,,0,100,,19266,660,,,0,100,,19259,660,,,0,100,,19262,660,,,0,100,,19258,660,,,0,100,,19260,660,,,0,100,,19256,660,,,0,99,,19261,660,,,0,100,,19253,660,,,0,100,,19254,660,,,0,100,,19255,660,,,0
25201,'Semaine-03',625,,22261,290,,,0,78,,22253,290,,,0,36,,22267,290,,,0,76,,22265,290,,,0,33,,22262,290,,,0,679,,22263,290,,,0,79,,22259,290,,,0,33,,22256,290,,,0,71,,22258,290,,,0,31,,22264,290,,,0,69,,22254,290,,,0,29,,22266,290,,,0,71,,22260,290,,,0,28,,22257,290,,,0,68,,22255,290,,,0
70901,'Semaine-03',456,,23183,500,,,0,70,,23225,500,,,0,20,,23181,500,,,0,10,,23180,500,,,0,63,,23182,500,,,0,20,,23184,500,,,0,20,,23185,500,,,0,67,,23186,500,,,0,12,,23187,500,,,0,21,,23188,500,,,0,50,,23189,500,,,0,10,,23190,500,,,0,20,,23191,500,,,0,10,,23192,500,,,0,54,,23193,500,,,0,13,,23195,500,,,0,15,,23231,500,,,0,15,,23194,500,,,0,70,,23196,500,,,0,15,,23197,500,,,0,22,,23198,530,,,0,70,,23199,530,,,0,15,,23200,530,,,0,15,,23201,530,,,0,55,,23202,530,,,0,15,,23234,530,,,0,15,,23203,530,,,0,15,,23235,530,,,0,70,,23204,530,,,0,15,,23205,530,,,0,15,,23206,530,,,0,70,,23226,530,,,0,30,,23227,530,,,0,70,,23228,530,,,0,16,,23229,530,,,0,16,,23230,530,,,0,89,,23208,530,,,0,15,,23207,530,,,0,68,,23209,530,,,0,15,,23210,530,,,0,62,,23211,530,,,0,15,,23232,530,,,0,13,,23233,530,,,0,14,,23212,530,,,0,59,,23213,530,,,0,14,,23214,530,,,0,15,,23215,530,,,0,22,,23216,500,,,0,70,,23217,500,,,0,15,,23218,500,,,0,68,,23219,500,,,0,30,,23220,500,,,0,69,,23221,500,,,0,44,,23222,500,,,0,99,,23223,500,,,0,108,,23224,500,,,0
70901,'Week-end-01',625,,21198,500,,,0,30,,21199,500,,,0,70,,21200,500,,,0,30,,21201,500,,,0,70,,21202,500,,,0,15,,21203,500,,,0,71,,21204,500,,,0,30,,21205,500,,,0,70,,21206,500,,,0,31,,21207,500,,,0,71,,21208,500,,,0,30,,21209,500,,,0,70,,21210,500,,,0,30,,21211,500,,,0,70,,21212,500,,,0,30,,21213,500,,,0,70,,21214,500,,,0,30,,21215,500,,,0,70,,21216,500,,,0,30,,21217,500,,,0,70,,21218,500,,,0,30,,21219,500,,,0,70,,21220,500,,,0,30,,21221,500,,,0,70,,21222,500,,,0,30,,21223,500,,,0,70,,21224,500,,,0,30,,21225,500,,,0,70,,21226,500,,,0,30,,21227,500,,,0,70,,21228,500,,,0,30,,21229,500,,,0,70,,21230,500,,,0,31,,21231,500,,,0,70,,21232,500,,,0,30,,21233,500,,,0,111,,21234,500,,,0
