24001,'Semaine-03',537,,21902,50,,,0,64,,21903,50,,,0,34,,21904,50,,,0,23,,21905,50,,,0,143,,21906,50,,,0,102,,21907,50,,,0,100,,21908,50,,,0,100,,21909,50,,,0,100,,21910,50,,,0,100,,21911,50,,,0,100,,21912,50,,,0,107,,21913,50,,,0,112,,21914,50,,,0,99,,21915,50,,,0,28,,21916,50,,,0,71,,21917,50,,,0,33,,21918,50,,,0,97,,21919,50,,,0,68,,21920,50,,,0,99,,21921,50,,,0,98,,21922,50,,,0,97,,21923,50,,,0
24300,'Semaine-03',628,,21986,50,,,0,22,,21987,50,,,0,88,,21988,50,,,0,18,,21989,50,,,0,88,,21990,50,,,0,14,,21991,50,,,0,145,,21992,50,,,0,100,,21993,50,,,0,100,,21994,50,,,0,100,,21995,50,,,0,100,,21996,50,,,0,110,,21997,50,,,0,40,,21998,50,,,0,75,,21999,50,,,0,85,,22000,50,,,0,30,,22001,50,,,0,77,,22002,50,,,0,35,,22003,50,,,0,73,,22004,50,,,0,84,,22005,50,,,0,102,,22006,50,,,0,100,,22007,50,,,0,100,,21983,50,0,8 9 1 10,0
24601,'Semaine-03',602,,22017,480,,,0,47,,22016,480,,,0,89,,22015,480,,,0,93,,22014,480,,,0,89,,22013,480,,,0,699,,22012,480,,,0,92,,22011,480,,,0,93,,22010,480,,,0,52,,22009,480,,,0,87,,22008,480,,,0
24700,'Semaine-03',637,,22032,50,,,0,82,,22033,50,,,0,103,,22034,50,,,0,186,,22040,50,,,0,130,,22041,50,,,0,170,,22038,50,,,0,130,,22039,50,,,0,71,,22027,50,,,0,112,,22028,50,,,0,92,,22029,50,,,0,107,,22030,50,,,0,33,,22031,50,,,0,161,,22035,50,,,0,129,,22036,50,,,0,170,,22037,50,,,0
24700,'Week-end-01',808,,18844,50,,,0,130,,18838,50,,,0,170,,18840,50,,,0,130,,18845,50,,,0,170,,18846,50,,,0,130,,18841,50,,,0,170,,18839,50,,,0,130,,18842,50,,,0,170,,18843,50,,,0
24701,'Semaine-03',554,,22055,490,,,0,70,,22056,490,,,0,122,,22057,490,,,0,60,,22058,490,,,0,42,,22059,490,,,0,106,,22060,490,,,0,171,,22061,490,,,0,130,,22062,490,,,0,170,,22063,490,,,0,183,,22064,490,,,0,24,,22065,490,,,0,116,,22051,490,,,0,92,,22066,490,,,0,162,,22052,490,,,0,129,,22053,490,,,0,169,,22054,490,,,0
24701,'Week-end-01',755,,18888,490,,,0,170,,18889,490,,,0,130,,18890,490,,,0,170,,18891,490,,,0,130,,18892,490,,,0,170,,18893,490,,,0,130,,18894,490,,,0,170,,18895,490,,,0,130,,18896,490,,,0
24900,'Semaine-03',638,,22090,50,,,0,65,,22091,50,,,0,34,,22092,50,,,0,97,,22093,50,,,0,174,,22094,50,,,0,100,,22095,50,,,0,101,,22096,50,,,0,100,,22097,50,,,0,100,,22098,50,,,0,106,,22099,50,,,0,35,,22100,50,,,0,73,,22101,50,,,0,92,,22102,50,,,0,32,,22103,50,,,0,75,,22104,50,,,0,91,,22105,50,,,0,100,,22106,50,,,0,100,,22107,50,,,0,100,,22108,50,,,0,100,,22089,50,,,0
24900,'Week-end-01',807,,18970,50,0,5,0,130,,18971,50,0,5,0,170,,18980,50,0,5,0,130,,18972,50,0,5,0,170,,18973,50,0,5,0,130,,18974,50,0,5,0,170,,18975,50,0,5,0,130,,18976,50,0,5,0,170,,18977,50,0,5,0,130,,18978,50,0,5,0,170,,18979,50,0,5,0
24901,'Semaine-03',623,,22120,600,,,0,23,,22121,600,0,8 27 75,0,78,,22122,600,,,0,97,,22123,600,,,0,25,,22124,600,,,0,100,,22125,600,,,0,95,,22126,600,,,0,100,,22127,600,,,0,100,,22128,600,,,0,100,,22129,600,,,0,100,,22130,600,,,0,161,,22131,600,,,0,54,,22132,600,,,0,75,,22133,600,,,0,78,,22134,600,,,0,49,,22135,600,,,0,99,,22136,600,,,0,101,,22137,600,,,0,143,,22138,600,,,0,57,,22139,600,,,0
24901,'Week-end-01',756,,19032,600,,,0,168,,19033,600,,,0,130,,19034,600,,,0,170,,19035,600,,,0,130,,19036,600,,,0,170,,19037,600,,,0,130,,19038,600,,,0,170,,19039,600,,,0,130,,19040,600,,,0,170,,19041,600,,,0,130,,19042,600,,,0
25001,'Semaine-03',620,,22204,570,,,0,25,,22205,570,,,0,72,,22206,570,0,8 27 75,0,22,,22207,570,,,0,85,,22208,570,,,0,94,,22209,570,,,0,28,,22210,570,,,0,95,,22211,570,,,0,100,,22212,570,,,0,103,,22213,570,,,0,100,,22214,570,,,0,102,,22215,570,,,0,155,,22216,570,,,0,102,,22217,570,,,0,26,,22218,570,,,0,30,,22219,570,,,0,68,,22220,570,,,0,81,,22221,570,,,0,47,,22222,570,,,0,147,,22223,570,,,0,55,,22224,570,,,0,99,,22225,570,,,0
25001,'Week-end-01',751,,19212,570,,,0,100,,19196,570,,,0,70,,19199,570,,,0,100,,19206,570,,,0,30,,19207,570,,,0,100,,19198,570,,,0,70,,19201,570,,,0,100,,19209,570,,,0,30,,19210,570,,,0,100,,19197,570,,,0,70,,19208,570,,,0,100,,19200,570,,,0,31,,19205,570,,,0,100,,19211,570,,,0,70,,19202,570,,,0,100,,19203,570,,,0,30,,19195,570,,,0,100,,19204,570,,,0,70,,19213,570,,,0,100,,19194,570,,,0,30,,19214,570,,,0
25100,'Semaine-03',944,,22244,650,,,0,100,,22243,650,,,0,100,,22252,650,,,0,100,,22248,650,,,0,100,,22251,650,,,0,100,,22246,650,,,0,615,,22249,650,,,0,97,,22247,650,,,0,98,,22245,650,,,0
25100,'Week-end-01',754,,19252,310,0,31 32,0,93,,19267,650,,,0,100,,19265,650,,,0,100,,19268,650,,,0,100,,19264,650,,,0,100,,19263,650,,,0,100,,19266,650,,,0,100,,19259,650,,,0,100,,19262,650,,,0,100,,19258,650,,,0,100,,19260,650,,,0,100,,19256,650,,,0,99,,19261,650,,,0,100,,19253,650,,,0,100,,19254,650,,,0,100,,19255,650,,,0
25201,'Semaine-03',625,,22261,280,,,0,78,,22253,280,,,0,36,,22267,280,,,0,76,,22265,280,,,0,33,,22262,280,,,0,679,,22263,280,,,0,79,,22259,280,,,0,33,,22256,280,,,0,71,,22258,280,,,0,31,,22264,280,,,0,69,,22254,280,,,0,29,,22266,280,,,0,71,,22260,280,,,0,28,,22257,280,,,0,68,,22255,280,,,0
70901,'Semaine-03',456,,23183,490,,,0,70,,23225,490,,,0,20,,23181,490,,,0,10,,23180,490,,,0,63,,23182,490,,,0,20,,23184,490,,,0,20,,23185,490,,,0,67,,23186,490,,,0,12,,23187,490,,,0,21,,23188,490,,,0,50,,23189,490,,,0,10,,23190,490,,,0,20,,23191,490,,,0,10,,23192,490,,,0,54,,23193,490,,,0,13,,23195,490,,,0,15,,23231,490,,,0,15,,23194,490,,,0,70,,23196,490,,,0,15,,23197,490,,,0,22,,23198,520,,,0,70,,23199,520,,,0,15,,23200,520,,,0,15,,23201,520,,,0,55,,23202,520,,,0,15,,23234,520,,,0,15,,23203,520,,,0,15,,23235,520,,,0,70,,23204,520,,,0,15,,23205,520,,,0,15,,23206,520,,,0,70,,23226,520,,,0,30,,23227,520,,,0,70,,23228,520,,,0,16,,23229,520,,,0,16,,23230,520,,,0,89,,23208,520,,,0,15,,23207,520,,,0,68,,23209,520,,,0,15,,23210,520,,,0,62,,23211,520,,,0,15,,23232,520,,,0,13,,23233,520,,,0,14,,23212,520,,,0,59,,23213,520,,,0,14,,23214,520,,,0,15,,23215,520,,,0,22,,23216,490,,,0,70,,23217,490,,,0,15,,23218,490,,,0,68,,23219,490,,,0,30,,23220,490,,,0,69,,23221,490,,,0,44,,23222,490,,,0,99,,23223,490,,,0,108,,23224,490,,,0
70901,'Week-end-01',625,,21198,490,,,0,30,,21199,490,,,0,70,,21200,490,,,0,30,,21201,490,,,0,70,,21202,490,,,0,15,,21203,490,,,0,71,,21204,490,,,0,30,,21205,490,,,0,70,,21206,490,,,0,31,,21207,490,,,0,71,,21208,490,,,0,30,,21209,490,,,0,70,,21210,490,,,0,30,,21211,490,,,0,70,,21212,490,,,0,30,,21213,490,,,0,70,,21214,490,,,0,30,,21215,490,,,0,70,,21216,490,,,0,30,,21217,490,,,0,70,,21218,490,,,0,30,,21219,490,,,0,70,,21220,490,,,0,30,,21221,490,,,0,70,,21222,490,,,0,30,,21223,490,,,0,70,,21224,490,,,0,30,,21225,490,,,0,70,,21226,490,,,0,30,,21227,490,,,0,70,,21228,490,,,0,30,,21229,490,,,0,70,,21230,490,,,0,31,,21231,490,,,0,70,,21232,490,,,0,30,,21233,490,,,0,111,,21234,490,,,0
