24100,'Semaine-03',624,,21924,640,,,0,23,,21925,640,,,0,76,,21926,640,,,0,24,,21927,640,,,0,102,,21928,640,,,0,100,,21929,640,,,0,100,,21930,640,,,0,100,,21931,640,,,0,100,,21932,640,,,0,100,,21933,640,,,0,101,,21934,640,,,0,107,,21935,640,,,0,151,,21936,640,,,0,100,,21937,640,,,0,28,,21938,640,,,0,71,,21939,640,,,0,33,,21940,640,,,0,97,,21941,640,,,0,69,,21942,640,,,0,98,,21943,640,,,0,97,,21944,640,,,0,58,,21945,640,,,0
24300,'Semaine-03',618,,21984,380,0,31 32,0,22,,21985,380,0,31 32,0,83,,21986,630,,,0,22,,21987,630,,,0,87,,21988,630,,,0,18,,21989,630,,,0,85,,21990,630,,,0,14,,21991,630,,,0,106,,21992,630,,,0,100,,21993,630,,,0,100,,21994,630,,,0,100,,21995,630,,,0,100,,21996,630,,,0,156,,21997,630,,,0,40,,21998,630,,,0,72,,21999,630,,,0,84,,22000,630,,,0,30,,22001,630,,,0,78,,22002,630,,,0,32,,22003,630,,,0,72,,22004,630,,,0,84,,22005,630,,,0,100,,22006,630,,,0,100,,22007,630,,,0
24601,'Semaine-03',604,,22017,520,,,0,47,,22016,520,,,0,90,,22015,520,,,0,93,,22014,520,,,0,89,,22013,520,,,0,699,,22012,520,,,0,92,,22011,520,,,0,93,,22010,520,,,0,51,,22009,520,,,0,87,,22008,520,,,0
24701,'Semaine-03',556,,22055,530,,,0,70,,22056,530,,,0,122,,22057,530,,,0,60,,22058,530,,,0,42,,22059,530,,,0,106,,22060,530,,,0,171,,22061,530,,,0,130,,22062,530,,,0,170,,22063,530,,,0,183,,22064,530,,,0,24,,22065,530,,,0,116,,22051,530,,,0,92,,22066,530,,,0,162,,22052,530,,,0,129,,22053,530,,,0,169,,22054,530,,,0
24701,'Week-end-01',757,,18888,530,,,0,170,,18889,530,,,0,130,,18890,530,,,0,170,,18891,530,,,0,130,,18892,530,,,0,170,,18893,530,,,0,130,,18894,530,,,0,170,,18895,530,,,0,130,,18896,530,,,0
24901,'Semaine-03',625,,22120,640,,,0,23,,22121,640,0,8 27 75,0,78,,22122,640,,,0,97,,22123,640,,,0,25,,22124,640,,,0,100,,22125,640,,,0,95,,22126,640,,,0,100,,22127,640,,,0,100,,22128,640,,,0,100,,22129,640,,,0,100,,22130,640,,,0,161,,22131,640,,,0,54,,22132,640,,,0,75,,22133,640,,,0,78,,22134,640,,,0,89,,22135,640,,,0,59,,22136,640,,,0,141,,22137,640,,,0,103,,22138,640,,,0,97,,22139,640,,,0
24901,'Week-end-01',758,,19032,640,,,0,168,,19033,640,,,0,130,,19034,640,,,0,170,,19035,640,,,0,130,,19036,640,,,0,170,,19037,640,,,0,130,,19038,640,,,0,170,,19039,640,,,0,130,,19040,640,,,0,170,,19041,640,,,0,130,,19042,640,,,0
25001,'Semaine-03',623,,22204,610,,,0,25,,22205,610,,,0,72,,22206,610,0,8 27 75,0,22,,22207,610,,,0,85,,22208,610,,,0,94,,22209,610,,,0,28,,22210,610,,,0,95,,22211,610,,,0,100,,22212,610,,,0,103,,22213,610,,,0,100,,22214,610,,,0,102,,22215,610,,,0,155,,22216,610,,,0,103,,22217,610,,,0,26,,22218,610,,,0,70,,22219,610,,,0,28,,22220,610,,,0,80,,22221,610,,,0,47,,22222,610,,,0,147,,22223,610,,,0,95,,22224,610,,,0,59,,22225,610,,,0
25001,'Week-end-01',754,,19212,610,,,0,100,,19196,610,,,0,70,,19199,610,,,0,100,,19206,610,,,0,30,,19207,610,,,0,100,,19198,610,,,0,70,,19201,610,,,0,100,,19209,610,,,0,30,,19210,610,,,0,100,,19197,610,,,0,70,,19208,610,,,0,100,,19200,610,,,0,30,,19205,610,,,0,100,,19211,610,,,0,70,,19202,610,,,0,100,,19203,610,,,0,30,,19195,610,,,0,100,,19204,610,,,0,70,,19213,610,,,0,100,,19194,610,,,0,30,,19214,610,,,0
25100,'Semaine-03',945,,22244,690,,,0,100,,22243,690,,,0,100,,22252,690,,,0,100,,22248,690,,,0,100,,22251,690,,,0,100,,22246,690,,,0,655,,22249,690,,,0,57,,22247,690,,,0,98,,22245,690,,,0
25100,'Week-end-01',756,,19252,350,0,31 32,0,93,,19267,690,,,0,100,,19265,690,,,0,100,,19268,690,,,0,100,,19264,690,,,0,100,,19263,690,,,0,100,,19266,690,,,0,100,,19259,690,,,0,100,,19262,690,,,0,100,,19258,690,,,0,100,,19260,690,,,0,100,,19256,690,,,0,99,,19261,690,,,0,100,,19253,690,,,0,100,,19254,690,,,0,100,,19255,690,,,0
25201,'Semaine-03',627,,22261,320,,,0,78,,22253,320,,,0,36,,22267,320,,,0,76,,22265,320,,,0,33,,22262,320,,,0,679,,22263,320,,,0,79,,22259,320,,,0,34,,22256,320,,,0,71,,22258,320,,,0,30,,22264,320,,,0,69,,22254,320,,,0,29,,22266,320,,,0,71,,22260,320,,,0,28,,22257,320,,,0,68,,22255,320,,,0
70901,'Semaine-03',457,,23183,530,,,0,70,,23225,530,,,0,20,,23181,530,,,0,10,,23180,530,,,0,63,,23182,530,,,0,20,,23184,530,,,0,60,,23185,530,,,0,28,,23186,530,,,0,12,,23187,530,,,0,61,,23188,530,,,0,10,,23189,530,,,0,10,,23190,530,,,0,20,,23191,530,,,0,10,,23192,530,,,0,54,,23193,530,,,0,13,,23195,530,,,0,15,,23231,530,,,0,15,,23194,530,,,0,70,,23196,530,,,0,15,,23197,530,,,0,22,,23198,560,,,0,70,,23199,560,,,0,15,,23200,560,,,0,15,,23201,560,,,0,55,,23202,560,,,0,15,,23234,560,,,0,15,,23203,560,,,0,15,,23235,560,,,0,70,,23204,560,,,0,15,,23205,560,,,0,15,,23206,560,,,0,70,,23226,560,,,0,30,,23227,560,,,0,70,,23228,560,,,0,16,,23229,560,,,0,16,,23230,560,,,0,89,,23208,560,,,0,55,,23207,560,,,0,28,,23209,560,,,0,15,,23210,560,,,0,62,,23211,560,,,0,15,,23232,560,,,0,13,,23233,560,,,0,14,,23212,560,,,0,59,,23213,560,,,0,14,,23214,560,,,0,15,,23215,560,,,0,22,,23216,530,,,0,70,,23217,530,,,0,15,,23218,530,,,0,67,,23219,530,,,0,30,,23220,530,,,0,69,,23221,530,,,0,44,,23222,530,,,0,99,,23223,530,,,0,148,,23224,530,,,0
70901,'Week-end-01',626,,21198,530,,,0,30,,21199,530,,,0,70,,21200,530,,,0,30,,21201,530,,,0,70,,21202,530,,,0,16,,21203,530,,,0,71,,21204,530,,,0,30,,21205,530,,,0,70,,21206,530,,,0,31,,21207,530,,,0,71,,21208,530,,,0,30,,21209,530,,,0,70,,21210,530,,,0,30,,21211,530,,,0,70,,21212,530,,,0,30,,21213,530,,,0,70,,21214,530,,,0,30,,21215,530,,,0,70,,21216,530,,,0,30,,21217,530,,,0,70,,21218,530,,,0,30,,21219,530,,,0,70,,21220,530,,,0,30,,21221,530,,,0,70,,21222,530,,,0,30,,21223,530,,,0,70,,21224,530,,,0,30,,21225,530,,,0,70,,21226,530,,,0,30,,21227,530,,,0,70,,21228,530,,,0,30,,21229,530,,,0,70,,21230,530,,,0,30,,21231,530,,,0,70,,21232,530,,,0,30,,21233,530,,,0,111,,21234,530,,,0
