30301,'Semaine-03',554,,22369,210,,,0,100,,22370,210,,,0,70,,22371,210,,,0,32,,22372,210,,,0,70,,22373,210,,,0,98,,22375,210,,,0,100,,22376,210,,,0,100,,22374,210,,,0,100,,22367,210,,,0,100,,22368,210,,,0,100,,22366,210,,,0,101,,22362,210,,,0,30,,22377,210,,,0,70,,22361,210,,,0,30,,22356,210,,,0,70,,22357,210,,,0,30,,22358,210,,,0,70,,22363,210,,,0,98,,22364,210,,,0,100,,22365,210,,,0,99,,22359,210,,,0,100,,22360,210,,,0
30301,'Week-end-01',822,,19504,210,0,47 13,0,100,,19505,210,0,47 13,0,100,,19506,210,0,47 13,0,100,,19507,210,0,47 13,0,101,,19508,210,0,47 13,0,100,,19509,210,0,47 13,0,100,,19510,210,0,47 13,0,100,,19511,210,0,47 13,0,100,,19512,210,0,47 13,0,100,,19513,210,0,47 13,0,100,,19514,210,0,47 13,0,99,,19515,210,0,47 13,0,100,,19516,210,0,47 13,0,100,,19517,210,0,47 13,0,100,,19518,210,0,47 13,0
30601,'Semaine-03',553,,22431,90,,,0,100,,22432,90,,,0,70,,22433,90,,,0,32,,22434,90,,,0,70,,22435,90,,,0,98,,22436,90,,,0,100,,22437,90,,,0,100,,22438,90,,,0,100,,22439,90,,,0,100,,22440,90,,,0,100,,22441,90,,,0,101,,22442,90,,,0,30,,22443,90,,,0,70,,22444,90,,,0,30,,22445,90,,,0,70,,22446,90,,,0,30,,22447,90,,,0,70,,22448,90,,,0,98,,22452,90,,,0,100,,22449,90,,,0,99,,22450,90,,,0,100,,22451,90,,,0
30601,'Week-end-01',821,,19654,90,,,0,100,,19655,90,,,0,100,,19656,90,,,0,100,,19657,90,,,0,101,,19658,90,,,0,100,,19659,90,,,0,100,,19660,90,,,0,100,,19661,90,,,0,100,,19662,90,,,0,100,,19663,90,,,0,100,,19664,90,,,0,99,,19665,90,,,0,100,,19666,90,,,0,100,,19667,90,,,0,100,,19668,90,,,0
30901,'Semaine-03',555,,22506,30,,,0,100,,22507,30,,,0,70,,22508,30,,,0,32,,22509,30,,,0,70,,22510,30,,,0,98,,22511,30,,,0,100,,22512,30,,,0,100,,22513,30,,,0,100,,22514,30,,,0,100,,22515,30,,,0,100,,22516,30,,,0,101,,22517,30,,,0,30,,22518,30,,,0,70,,22519,30,,,0,30,,22520,30,,,0,70,,22521,30,,,0,30,,22522,30,,,0,70,,22523,30,,,0,98,,22527,30,,,0,100,,22524,30,,,0,99,,22525,30,,,0,100,,22526,30,,,0
30901,'Week-end-01',823,,19804,30,,,0,100,,19805,30,,,0,100,,19806,30,,,0,100,,19807,30,,,0,101,,19808,30,,,0,100,,19809,30,,,0,100,,19810,30,,,0,100,,19811,30,,,0,100,,19812,30,,,0,100,,19813,30,,,0,100,,19814,30,,,0,99,,19815,30,,,0,100,,19816,30,,,0,100,,19817,30,,,0,100,,19818,30,,,0
31001,'Semaine-03',553,,22581,170,,,0,100,,22582,170,,,0,70,,22583,170,,,0,32,,22584,170,,,0,70,,22585,170,,,0,98,,22586,170,,,0,100,,22587,170,,,0,100,,22588,170,,,0,100,,22589,170,,,0,100,,22590,170,,,0,100,,22591,170,,,0,101,,22592,170,,,0,30,,22593,170,,,0,70,,22594,170,,,0,30,,22595,170,,,0,70,,22596,170,,,0,30,,22597,170,,,0,70,,22598,170,,,0,98,,22602,170,,,0,100,,22599,170,,,0,99,,22600,170,,,0,100,,22601,170,,,0
31001,'Week-end-01',821,,19954,170,,,0,100,,19955,170,,,0,100,,19956,170,,,0,100,,19957,170,,,0,101,,19958,170,,,0,100,,19959,170,,,0,100,,19960,170,,,0,100,,19961,170,,,0,100,,19962,170,,,0,100,,19963,170,,,0,100,,19964,170,,,0,99,,19965,170,,,0,100,,19966,170,,,0,100,,19967,170,,,0,100,,19968,170,,,0
31101,'Semaine-03',554,,22656,200,,,0,101,,22657,200,,,0,70,,22658,200,,,0,32,,22659,200,,,0,70,,22660,200,,,0,98,,22661,200,,,0,100,,22662,200,,,0,100,,22663,200,,,0,100,,22664,200,,,0,100,,22665,200,,,0,100,,22666,200,,,0,101,,22667,200,,,0,30,,22668,200,,,0,70,,22669,200,,,0,30,,22670,200,,,0,70,,22671,200,,,0,30,,22672,200,,,0,70,,22673,200,,,0,98,,22677,200,,,0,100,,22674,200,,,0,99,,22675,200,,,0,100,,22676,200,,,0
31101,'Week-end-01',823,,20104,200,,,0,100,,20105,200,,,0,100,,20106,200,,,0,100,,20107,200,,,0,101,,20108,200,,,0,100,,20109,200,,,0,100,,20110,200,,,0,100,,20111,200,,,0,100,,20112,200,,,0,100,,20113,200,,,0,100,,20114,200,,,0,99,,20115,200,,,0,100,,20116,200,,,0,100,,20117,200,,,0,100,,20118,200,,,0
31200,'Semaine-03',554,,22693,220,,,0,100,,22694,220,,,0,70,,22695,220,,,0,32,,22696,220,,,0,70,,22697,220,,,0,98,,22698,220,,,0,100,,22699,220,,,0,100,,22700,220,,,0,100,,22701,220,,,0,100,,22702,220,,,0,100,,22703,220,,,0,101,,22704,220,,,0,30,,22705,220,,,0,70,,22706,220,,,0,30,,22707,220,,,0,70,,22708,220,,,0,30,,22709,220,,,0,70,,22710,220,,,0,98,,22714,220,,,0,100,,22711,220,,,0,99,,22712,220,,,0,100,,22713,220,,,0
31200,'Week-end-01',822,,20178,220,,,0,100,,20179,220,,,0,100,,20180,220,,,0,100,,20181,220,,,0,101,,20182,220,,,0,100,,20183,220,,,0,100,,20184,220,,,0,100,,20185,220,,,0,100,,20186,220,,,0,100,,20187,220,,,0,100,,20188,220,,,0,99,,20189,220,,,0,100,,20190,220,,,0,100,,20191,220,,,0,100,,20192,220,,,0
70900,'Semaine-03',633,,23094,610,0,11 12 13,0,79,,23095,610,0,11 12 13,0,20,,23096,610,0,11 12 13,0,7,,23097,610,0,11 12 13,0,78,,23098,610,0,11 12 13,0,19,,23099,610,0,11 12 13,0,65,,23100,610,0,11 12 13,0,28,,23101,610,0,11 12 13,0,74,,23102,610,0,11 12 13,0,25,,23140,610,0,11 12 13,0,28,,23103,610,0,11 12 13,0,55,,23104,610,0,11 12 13,0,29,,23105,610,0,11 12 13,0,15,,23106,610,0,11 12 13,0,55,,23107,610,0,11 12 13,0,23,,23108,610,0,11 12 13,0,71,,23109,610,0,11 12 13,0,15,,23136,610,0,11 12 13,0,15,,23139,610,0,11 12 13,0,15,,23138,610,0,11 12 13,0,70,,23137,610,0,11 12 13,0,85,,23135,610,0,11 12 13,0,15,,23110,610,0,11 12 13,0,24,,23111,610,0,11 12 13,0
