23000,'Fête-1-01',843,,23656,120,,,0,100,,23657,120,,,0,101,,23661,120,,,0,100,,23662,120,,,0,102,,23663,120,,,0,101,,23664,120,,,0,101,,23665,120,,,0,99,,23667,120,,,0,98,,23655,120,,,0,98,,23654,120,,,0,100,,23666,120,,,0,100,,23660,120,,,0,100,,23659,120,,,0,100,,23658,120,,,0,100,,23668,120,,,0
23000,'Fête-2-01',613,,23673,120,,,0,31,,23674,120,,,0,69,,23675,120,,,0,32,,23676,120,,,0,71,,23677,120,,,0,31,,23678,120,,,0,102,,23679,120,,,0,103,,23684,120,,,0,104,,23685,120,,,0,147,,23686,120,,,0,116,,23687,120,,,0,115,,23688,120,,,0,82,,23671,120,,,0,34,,23670,120,,,0,79,,23669,120,0,8 75,0,27,,23672,120,,,0,74,,23689,120,,,0,29,,23683,120,,,0,99,,23682,120,,,0,100,,23681,120,,,0,100,,23680,120,,,0
23000,'Semaine-01',613,,23694,120,,,0,31,,23695,120,,,0,69,,23696,120,,,0,32,,23697,120,,,0,71,,23698,120,,,0,31,,23699,120,,,0,102,,23700,120,,,0,103,,23705,120,,,0,104,,23706,120,,,0,147,,23707,120,,,0,116,,23708,120,,,0,115,,23709,120,,,0,82,,23692,120,,,0,34,,23691,120,,,0,79,,23690,120,0,8 75,0,27,,23693,120,,,0,74,,23710,120,,,0,29,,23704,120,,,0,99,,23703,120,,,0,100,,23702,120,,,0,100,,23701,120,,,0
23000,'Week-end-01',843,,17798,120,,,0,100,,17799,120,,,0,101,,17803,120,,,0,100,,17804,120,,,0,102,,17805,120,,,0,101,,17806,120,,,0,101,,17807,120,,,0,99,,17809,120,,,0,98,,17797,120,,,0,98,,17796,120,,,0,100,,17808,120,,,0,100,,17802,120,,,0,100,,17801,120,,,0,100,,17800,120,,,0,100,,17810,120,,,0
23600,'Fête-1-01',859,,24089,360,,,0,100,,24080,360,,,0,100,,24090,360,,,0,141,,24078,360,,,0,100,,24086,360,,,0,100,,24082,360,,,0,100,,24088,360,,,0,100,,24079,360,,,0,100,,24092,360,,,0,100,,24081,360,,,0,100,,24087,360,,,0,100,,24083,360,,,0,100,,24085,360,,,0,100,,24084,360,,,0
23600,'Fête-2-01',625,,24093,360,,,0,110,,24094,360,,,0,81,,24111,360,,,0,39,,24095,360,,,0,76,,24096,360,,,0,95,,24097,360,,,0,99,,24098,360,,,0,101,,24099,360,,,0,100,,24100,360,,,0,100,,24101,360,,,0,100,,24102,360,,,0,100,,24103,360,,,0,85,,24104,360,,,0,39,,24105,360,,,0,83,,24106,360,,,0,124,,24107,360,,,0,143,,24108,360,,,0,100,,24109,360,,,0
23600,'Semaine-01',625,,24112,360,,,0,110,,24113,360,,,0,81,,24130,360,,,0,39,,24114,360,,,0,76,,24115,360,,,0,95,,24116,360,,,0,99,,24117,360,,,0,101,,24118,360,,,0,100,,24119,360,,,0,100,,24120,360,,,0,100,,24121,360,,,0,100,,24122,360,,,0,85,,24123,360,,,0,39,,24124,360,,,0,83,,24125,360,,,0,124,,24126,360,,,0,143,,24127,360,,,0,100,,24128,360,,,0
23600,'Week-end-01',859,,18333,360,,,0,100,,18324,360,,,0,100,,18334,360,,,0,141,,18322,360,,,0,100,,18330,360,,,0,100,,18326,360,,,0,100,,18332,360,,,0,100,,18323,360,,,0,100,,18336,360,,,0,100,,18325,360,,,0,100,,18331,360,,,0,100,,18327,360,,,0,100,,18329,360,,,0,100,,18328,360,,,0
70900,'Fête-1-01',708,,26228,570,,,0,25,,26229,570,,,0,15,,26230,570,,,0,71,,26231,570,,,0,30,,26232,570,,,0,71,,26233,570,,,0,30,,26234,570,,,0,72,,26235,570,,,0,30,,26236,570,,,0,70,,26237,570,,,0,30,,26238,570,,,0,70,,26239,570,,,0,30,,26240,570,,,0,70,,26241,570,,,0,30,,26242,570,,,0,70,,26243,570,,,0,30,,26244,570,,,0,70,,26245,570,,,0,30,,26246,570,,,0,70,,26247,570,,,0,30,,26248,570,,,0,70,,26249,570,,,0,30,,26250,570,,,0,70,,26251,570,,,0,28,,26252,570,,,0,70,,26253,570,,,0,30,,26254,570,,,0,70,,26255,570,,,0,30,,26256,570,,,0,69,,26257,570,,,0,30,,26258,570,,,0,70,,26259,570,,,0,30,,26260,570,,,0,60,,26261,570,,,0,29,,26262,570,,,0,70,,26263,570,,,0,30,,26264,570,,,0,70,,26265,570,,,0,109,,26266,570,,,0
70900,'Fête-2-01',628,,26268,570,0,11 12 13,0,79,,26269,570,0,11 12 13,0,20,,26270,570,0,11 12 13,0,7,,26271,570,0,11 12 13,0,78,,26272,570,0,11 12 13,0,19,,26273,570,0,11 12 13,0,25,,26274,570,0,11 12 13,0,68,,26275,570,0,11 12 13,0,34,,26276,570,0,11 12 13,0,65,,26314,570,0,11 12 13,0,28,,26277,570,0,11 12 13,0,55,,26278,570,0,11 12 13,0,29,,26279,570,0,11 12 13,0,15,,26280,570,0,11 12 13,0,55,,26281,570,0,11 12 13,0,23,,26282,570,0,11 12 13,0,31,,26283,570,0,11 12 13,0,55,,26310,570,0,11 12 13,0,15,,26313,570,0,11 12 13,0,15,,26312,570,0,11 12 13,0,70,,26311,570,0,11 12 13,0,45,,26309,570,0,11 12 13,0,55,,26284,570,0,11 12 13,0,24,,26285,570,0,11 12 13,0,86,,26286,570,,,0,31,,26287,570,,,0,60,,26307,570,,,0,16,,26308,570,,,0,8,,26301,570,,,0,15,,26306,570,,,0,51,,26302,570,,,0,12,,26303,570,,,0,9,,26304,570,,,0,10,,26305,570,,,0,12,,26300,570,,,0,65,,26288,570,,,0,13,,26289,570,,,0,11,,26290,570,,,0,10,,26291,570,,,0,67,,26299,570,,,0,19,,26292,570,,,0,69,,26293,570,,,0,22,,26316,570,,,0,30,,26294,570,,,0,54,,26295,570,,,0,97,,26296,570,,,0,29,,26297,570,,,0,82,,26315,570,,,0,99,,26298,570,,,0,108,,26267,570,,,0
70900,'Semaine-01',628,,26322,570,0,11 12 13,0,12,,26380,570,0,11 12 13,0,67,,26323,570,0,11 12 13,0,10,,26324,570,0,11 12 13,0,10,,26325,570,0,11 12 13,0,7,,26326,570,0,11 12 13,0,19,,26327,570,0,11 12 13,0,59,,26328,570,0,11 12 13,0,10,,26329,570,0,11 12 13,0,9,,26330,570,0,11 12 13,0,13,,26331,570,0,11 12 13,0,12,,26332,570,0,11 12 13,0,57,,26333,570,0,11 12 13,0,11,,26334,570,0,11 12 13,0,19,,26378,570,0,11 12 13,0,15,,26335,570,0,11 12 13,0,65,,26377,570,0,11 12 13,0,15,,26336,570,0,11 12 13,0,13,,26337,570,0,11 12 13,0,55,,26338,570,0,11 12 13,0,29,,26339,570,0,11 12 13,0,15,,26340,570,0,11 12 13,0,55,,26341,570,0,11 12 13,0,23,,26342,570,0,11 12 13,0,31,,26343,570,0,11 12 13,0,55,,26373,570,0,11 12 13,0,15,,26376,570,0,11 12 13,0,15,,26375,570,0,11 12 13,0,70,,26374,570,0,11 12 13,0,45,,26372,570,0,11 12 13,0,55,,26344,570,0,11 12 13,0,24,,26345,570,0,11 12 13,0,86,,26346,570,,,0,15,,26347,570,,,0,16,,26348,570,,,0,60,,26370,570,,,0,16,,26371,570,,,0,8,,26364,570,,,0,15,,26369,570,,,0,51,,26365,570,,,0,12,,26366,570,,,0,9,,26367,570,,,0,10,,26368,570,,,0,12,,26363,570,,,0,53,,26349,570,,,0,12,,26350,570,,,0,13,,26351,570,,,0,11,,26352,570,,,0,10,,26353,570,,,0,67,,26362,570,,,0,19,,26354,570,,,0,69,,26355,570,,,0,22,,26381,570,,,0,30,,26356,570,,,0,54,,26357,570,,,0,27,,26358,570,,,0,70,,26359,570,,,0,29,,26360,570,,,0,82,,26379,570,,,0,99,,26361,570,,,0,108,,26321,570,,,0
70900,'Week-end-01',708,,21010,570,,,0,25,,21011,570,,,0,15,,21012,570,,,0,71,,21013,570,,,0,30,,21014,570,,,0,71,,21015,570,,,0,30,,21016,570,,,0,72,,21017,570,,,0,30,,21018,570,,,0,70,,21019,570,,,0,30,,21020,570,,,0,70,,21021,570,,,0,30,,21022,570,,,0,70,,21023,570,,,0,30,,21024,570,,,0,70,,21025,570,,,0,30,,21026,570,,,0,70,,21027,570,,,0,30,,21028,570,,,0,70,,21029,570,,,0,30,,21030,570,,,0,70,,21031,570,,,0,30,,21032,570,,,0,70,,21033,570,,,0,28,,21034,570,,,0,70,,21035,570,,,0,30,,21036,570,,,0,70,,21037,570,,,0,30,,21038,570,,,0,69,,21039,570,,,0,30,,21040,570,,,0,70,,21041,570,,,0,30,,21042,570,,,0,60,,21043,570,,,0,29,,21044,570,,,0,70,,21045,570,,,0,30,,21046,570,,,0,70,,21047,570,,,0,109,,21048,570,,,0
