23101,'Fête-1-01',856,,23777,320,,,0,100,,23776,320,,,0,100,,23778,320,,,0,100,,23774,320,,,0,100,,23779,320,,,0,100,,23773,320,,,0,100,,23780,320,,,0,100,,23772,320,,,0,100,,23781,320,,,0,100,,23775,320,,,0,100,,23782,320,,,0,100,,23771,320,,,0,100,,23783,320,,,0,100,,23770,320,,,0
23101,'Fête-2-01',630,,23785,320,,,0,24,,23786,320,,,0,77,,23787,320,,,0,27,,23788,320,,,0,74,,23789,320,,,0,96,,23790,320,,,0,100,,23791,320,,,0,100,,23792,320,,,0,100,,23793,320,,,0,100,,23794,320,,,0,101,,23795,320,,,0,100,,23796,320,,,0,88,,23797,320,,,0,32,,23798,320,,,0,67,,23799,320,,,0,27,,23800,320,,,0,72,,23801,320,,,0,27,,23802,320,,,0,85,,23803,320,,,0,100,,23804,320,,,0,103,,23805,320,,,0,100,,23806,320,,,0
23101,'Semaine-01',630,,23808,320,,,0,24,,23809,320,,,0,77,,23810,320,,,0,27,,23811,320,,,0,74,,23812,320,,,0,96,,23813,320,,,0,100,,23814,320,,,0,100,,23815,320,,,0,100,,23816,320,,,0,100,,23817,320,,,0,101,,23818,320,,,0,100,,23819,320,,,0,88,,23820,320,,,0,32,,23821,320,,,0,67,,23822,320,,,0,27,,23823,320,,,0,72,,23824,320,,,0,27,,23825,320,,,0,85,,23826,320,,,0,100,,23827,320,,,0,103,,23828,320,,,0,100,,23829,320,,,0
23101,'Week-end-01',856,,17953,320,,,0,100,,17952,320,,,0,100,,17954,320,,,0,100,,17950,320,,,0,100,,17955,320,,,0,100,,17949,320,,,0,100,,17956,320,,,0,100,,17948,320,,,0,100,,17957,320,,,0,100,,17951,320,,,0,100,,17958,320,,,0,100,,17947,320,,,0,100,,17959,320,,,0,100,,17946,320,,,0
23300,'Fête-1-01',849,,23896,220,,,0,200,,23898,220,,,0,199,,23894,220,,,0,201,,23899,220,,,0,200,,23897,220,,,0,198,,23895,220,,,0,200,,23892,220,,,0,200,,23893,220,0,8 77,0
23300,'Fête-2-01',618,,23900,220,,,0,39,,23901,220,,,0,162,,23911,220,,,0,230,,23902,220,,,0,200,,23903,220,,,0,201,,23904,220,,,0,175,,23905,220,,,0,104,,23906,220,,,0,100,,23910,220,,,0,105,,23907,220,,,0,115,,23908,220,,,0,207,,23909,220,0,8 77,0
23300,'Semaine-01',618,,23912,220,,,0,39,,23913,220,,,0,162,,23923,220,,,0,230,,23914,220,,,0,200,,23915,220,,,0,201,,23916,220,,,0,175,,23917,220,,,0,104,,23918,220,,,0,100,,23922,220,,,0,105,,23919,220,,,0,115,,23920,220,,,0,207,,23921,220,0,8 77,0
23300,'Week-end-01',849,,18073,220,,,0,200,,18075,220,,,0,199,,18071,220,,,0,201,,18076,220,,,0,200,,18074,220,,,0,198,,18072,220,,,0,200,,18069,220,,,0,200,,18070,220,0,8 77,0
23400,'Fête-1-01',948,,23929,210,,,0,200,,23927,210,,,0,201,,23924,210,,,0,201,,23926,210,,,0,198,,23925,210,,,0,200,,23930,210,,,0,200,,23928,210,,,0
23400,'Fête-2-01',638,,23932,210,,,0,106,,23945,210,,,0,103,,23933,210,,,0,102,,23934,210,,,0,200,,23935,210,,,0,201,,23936,210,,,0,201,,23937,210,,,0,108,,23938,210,,,0,100,,23939,210,,,0,98,,23944,210,,,0,91,,23940,210,,,0,200,,23941,210,,,0
23400,'Semaine-01',638,,23946,210,,,0,106,,23959,210,,,0,103,,23947,210,,,0,102,,23948,210,,,0,200,,23949,210,,,0,201,,23950,210,,,0,201,,23951,210,,,0,108,,23952,210,,,0,100,,23953,210,,,0,98,,23958,210,,,0,91,,23954,210,,,0,200,,23955,210,,,0
23400,'Week-end-01',948,,18118,210,,,0,200,,18116,210,,,0,201,,18113,210,,,0,201,,18115,210,,,0,198,,18114,210,,,0,200,,18119,210,,,0,200,,18117,210,,,0
