40500,'Semaine-01',716,,25704,120,4,,0,100,,25705,120,4,,0,910,,25706,120,4,,0
40501,'Semaine-01',1605,,25707,10,,,0,130,,25708,10,,,0
60000,'Fête-1-01',736,,25741,750,4,,0,100,,25740,750,4,,0,100,,25739,750,4,,0,100,,25738,750,4,,0,100,,25737,750,4,,0,100,,25736,750,4,,0,100,,25735,750,4,,0,100,,25734,750,4,,0,100,,25733,750,4,,0,100,,25732,750,4,,0,100,,25731,750,4,,0,100,,25730,750,4,,0,100,,25729,750,4,,0,100,,25728,750,4,,0,100,,25727,750,4,,0,100,,25725,750,4,,0,88,,25726,750,4,,0
60000,'Fête-2-01',710,,25748,750,4,,0,34,,25750,750,4,,0,68,,25752,750,4,,0,30,,25754,750,4,,0,70,,25756,750,4,,0,30,,25757,750,4,,0,97,,25758,750,4,,0,102,,25759,750,4,,0,170,,25760,750,4,,0,100,,25761,750,4,,0,132,,25762,750,4,,0,100,,25745,750,4,,0,70,,25744,750,4,,0,28,,25743,750,4,,0,99,,25742,750,4,,0,97,,25755,750,4,,0,100,,25753,750,4,,0,99,,25751,750,4,,0,96,,25749,750,4,,0,100,,25747,750,4,,0
60000,'Semaine-01',637,,25770,750,4,,0,73,,25772,750,4,,0,34,,25774,750,4,,0,68,,25776,750,4,,0,30,,25778,750,4,,0,70,,25780,750,4,,0,30,,25781,750,4,,0,97,,25782,750,4,,0,102,,25783,750,4,,0,100,,25784,750,4,,0,70,,25785,750,4,,0,30,,25786,750,4,,0,70,,25787,750,4,,0,100,,25788,750,4,,0,32,,25789,750,4,,0,70,,25768,750,4,,0,30,,25767,750,4,,0,70,,25766,750,4,,0,28,,25765,750,4,,0,69,,25763,750,4,,0,30,,25764,750,4,,0,97,,25779,750,4,,0,100,,25777,750,4,,0,99,,25775,750,4,,0,96,,25773,750,4,,0,100,,25771,750,4,,0
60000,'Week-end-01',736,,20388,750,4,,0,100,,20387,750,4,,0,100,,20386,750,4,,0,100,,20385,750,4,,0,100,,20384,750,4,,0,100,,20383,750,4,,0,100,,20382,750,4,,0,100,,20381,750,4,,0,100,,20380,750,4,,0,100,,20379,750,4,,0,100,,20378,750,4,,0,100,,20377,750,4,,0,100,,20376,750,4,,0,100,,20375,750,4,,0,100,,20374,750,4,,0,100,,20372,750,4,,0,88,,20373,750,4,,0
60001,'Fête-1-01',801,,25805,10,,,0,100,,25804,10,,,0,100,,25802,10,,,0,100,,25803,10,,,0,100,,25800,10,,,0,100,,25801,10,,,0,100,,25797,10,,,0,100,,25798,10,,,0,100,,25799,10,,,0,100,,25796,10,,,0,100,,25793,10,,,0,100,,25794,10,,,0,100,,25795,10,,,0,100,,25791,10,,,0,49,,25792,10,,,0,179,,25790,10,,,0
60001,'Fête-2-01',724,,25806,10,,,0,30,,25807,10,,,0,100,,25808,10,,,0,102,,25809,10,,,0,100,,25810,10,,,0,170,,25811,10,,,0,100,,25812,10,,,0,30,,25813,10,,,0,100,,25814,10,,,0,95,,25815,10,,,0,100,,25816,10,,,0,70,,25817,10,,,0,30,,25818,10,,,0,101,,25819,10,,,0,101,,25820,10,,,0,100,,25821,10,,,0,100,,25822,10,,,0,100,,25823,10,,,0,100,,25824,10,,,0
60001,'Semaine-01',657,,25829,10,,,0,67,,25830,10,,,0,30,,25831,10,,,0,100,,25832,10,,,0,102,,25833,10,,,0,100,,25834,10,,,0,100,,25835,10,,,0,70,,25836,10,,,0,100,,25837,10,,,0,30,,25838,10,,,0,70,,25839,10,,,0,30,,25840,10,,,0,65,,25841,10,,,0,30,,25842,10,,,0,70,,25843,10,,,0,30,,25844,10,,,0,70,,25845,10,,,0,30,,25846,10,,,0,71,,25847,10,,,0,30,,25848,10,,,0,101,,25849,10,,,0,100,,25850,10,,,0,100,,25851,10,,,0,100,,25852,10,,,0,100,,25853,10,,,0
60001,'Week-end-01',801,,20466,10,,,0,100,,20465,10,,,0,100,,20463,10,,,0,100,,20464,10,,,0,100,,20461,10,,,0,100,,20462,10,,,0,100,,20458,10,,,0,100,,20459,10,,,0,100,,20460,10,,,0,100,,20457,10,,,0,100,,20454,10,,,0,100,,20455,10,,,0,100,,20456,10,,,0,100,,20452,10,,,0,49,,20453,10,,,0,179,,20451,10,,,0
60500,'Semaine-01',732,,25886,490,4,,0,205,,25887,490,4,,0
60501,'Semaine-01',1600,,25888,10,,,0,212,,25889,10,,,0
