23101,'Fête-1-01',856,,23777,310,,,0,100,,23776,310,,,0,100,,23778,310,,,0,100,,23774,310,,,0,100,,23779,310,,,0,100,,23773,310,,,0,100,,23780,310,,,0,100,,23772,310,,,0,100,,23781,310,,,0,100,,23775,310,,,0,100,,23782,310,,,0,100,,23771,310,,,0,100,,23783,310,,,0,100,,23770,310,,,0
23101,'Fête-2-01',630,,23785,310,,,0,24,,23786,310,,,0,77,,23787,310,,,0,27,,23788,310,,,0,74,,23789,310,,,0,96,,23790,310,,,0,100,,23791,310,,,0,100,,23792,310,,,0,100,,23793,310,,,0,100,,23794,310,,,0,101,,23795,310,,,0,100,,23796,310,,,0,88,,23797,310,,,0,32,,23798,310,,,0,67,,23799,310,,,0,27,,23800,310,,,0,72,,23801,310,,,0,27,,23802,310,,,0,85,,23803,310,,,0,100,,23804,310,,,0,103,,23805,310,,,0,100,,23806,310,,,0
23101,'Semaine-01',630,,23808,310,,,0,24,,23809,310,,,0,77,,23810,310,,,0,27,,23811,310,,,0,74,,23812,310,,,0,96,,23813,310,,,0,100,,23814,310,,,0,100,,23815,310,,,0,100,,23816,310,,,0,100,,23817,310,,,0,101,,23818,310,,,0,100,,23819,310,,,0,88,,23820,310,,,0,32,,23821,310,,,0,67,,23822,310,,,0,27,,23823,310,,,0,72,,23824,310,,,0,27,,23825,310,,,0,85,,23826,310,,,0,100,,23827,310,,,0,103,,23828,310,,,0,100,,23829,310,,,0
23101,'Week-end-01',856,,17953,310,,,0,100,,17952,310,,,0,100,,17954,310,,,0,100,,17950,310,,,0,100,,17955,310,,,0,100,,17949,310,,,0,100,,17956,310,,,0,100,,17948,310,,,0,100,,17957,310,,,0,100,,17951,310,,,0,100,,17958,310,,,0,100,,17947,310,,,0,100,,17959,310,,,0,100,,17946,310,,,0
23300,'Fête-1-01',849,,23896,210,,,0,200,,23898,210,,,0,199,,23894,210,,,0,201,,23899,210,,,0,200,,23897,210,,,0,198,,23895,210,,,0,200,,23892,210,,,0,200,,23893,210,0,8 77,0
23300,'Fête-2-01',618,,23900,210,,,0,39,,23901,210,,,0,162,,23911,210,,,0,230,,23902,210,,,0,200,,23903,210,,,0,201,,23904,210,,,0,175,,23905,210,,,0,104,,23906,210,,,0,100,,23910,210,,,0,105,,23907,210,,,0,115,,23908,210,,,0,207,,23909,210,0,8 77,0
23300,'Semaine-01',618,,23912,210,,,0,39,,23913,210,,,0,162,,23923,210,,,0,230,,23914,210,,,0,200,,23915,210,,,0,201,,23916,210,,,0,175,,23917,210,,,0,104,,23918,210,,,0,100,,23922,210,,,0,105,,23919,210,,,0,115,,23920,210,,,0,207,,23921,210,0,8 77,0
23300,'Week-end-01',849,,18073,210,,,0,200,,18075,210,,,0,199,,18071,210,,,0,201,,18076,210,,,0,200,,18074,210,,,0,198,,18072,210,,,0,200,,18069,210,,,0,200,,18070,210,0,8 77,0
23400,'Fête-1-01',948,,23929,200,,,0,200,,23927,200,,,0,201,,23924,200,,,0,201,,23926,200,,,0,198,,23925,200,,,0,200,,23930,200,,,0,200,,23928,200,,,0
23400,'Fête-2-01',638,,23932,200,,,0,106,,23945,200,,,0,103,,23933,200,,,0,102,,23934,200,,,0,200,,23935,200,,,0,201,,23936,200,,,0,201,,23937,200,,,0,108,,23938,200,,,0,100,,23939,200,,,0,98,,23944,200,,,0,91,,23940,200,,,0,200,,23941,200,,,0
23400,'Semaine-01',638,,23946,200,,,0,106,,23959,200,,,0,103,,23947,200,,,0,102,,23948,200,,,0,200,,23949,200,,,0,201,,23950,200,,,0,201,,23951,200,,,0,108,,23952,200,,,0,100,,23953,200,,,0,98,,23958,200,,,0,91,,23954,200,,,0,200,,23955,200,,,0
23400,'Week-end-01',948,,18118,200,,,0,200,,18116,200,,,0,201,,18113,200,,,0,201,,18115,200,,,0,198,,18114,200,,,0,200,,18119,200,,,0,200,,18117,200,,,0
