24100,'Fête-2-01',624,,24364,630,,,0,23,,24365,630,,,0,76,,24366,630,,,0,24,,24367,630,,,0,102,,24368,630,,,0,100,,24369,630,,,0,100,,24370,630,,,0,100,,24371,630,,,0,100,,24372,630,,,0,100,,24373,630,,,0,100,,24374,630,,,0,107,,24375,630,,,0,151,,24376,630,,,0,100,,24377,630,,,0,28,,24378,630,,,0,71,,24379,630,,,0,33,,24380,630,,,0,97,,24381,630,,,0,69,,24382,630,,,0,98,,24383,630,,,0,97,,24384,630,,,0,58,,24385,630,,,0
24100,'Semaine-01',624,,24386,630,,,0,23,,24387,630,,,0,76,,24388,630,,,0,24,,24389,630,,,0,75,,24390,630,,,0,27,,24391,630,,,0,74,,24392,630,,,0,26,,24393,630,,,0,100,,24394,630,,,0,100,,24395,630,,,0,100,,24396,630,,,0,100,,24397,630,,,0,100,,24398,630,,,0,88,,24400,260,,,0,19,,24399,630,,,0,81,,24401,630,,,0,70,,24402,630,,,0,30,,24403,630,,,0,70,,24404,630,,,0,28,,24405,630,,,0,71,,24406,630,,,0,33,,24407,630,,,0,67,,24408,630,,,0,30,,24409,630,,,0,69,,24410,630,,,0,98,,24411,630,,,0,97,,24412,630,,,0,58,,24413,630,,,0
24300,'Fête-2-01',617,,24473,370,0,31 32,0,22,,24474,370,0,31 32,0,83,,24475,620,,,0,22,,24476,620,,,0,87,,24477,620,,,0,18,,24478,620,,,0,85,,24479,620,,,0,14,,24480,620,,,0,106,,24481,620,,,0,100,,24482,620,,,0,100,,24483,620,,,0,100,,24484,620,,,0,100,,24485,620,,,0,156,,24486,620,,,0,40,,24487,620,,,0,72,,24488,620,,,0,84,,24489,620,,,0,30,,24490,620,,,0,78,,24491,620,,,0,32,,24492,620,,,0,72,,24493,620,,,0,84,,24494,620,,,0,100,,24495,620,,,0,100,,24496,620,,,0
24300,'Semaine-01',617,,24498,370,0,31 32,0,22,,24499,370,0,31 32,0,83,,24500,620,,,0,22,,24501,620,,,0,87,,24502,620,,,0,18,,24503,620,,,0,85,,24504,620,,,0,14,,24505,620,,,0,106,,24506,620,,,0,100,,24507,620,,,0,100,,24508,620,,,0,100,,24509,620,,,0,100,,24510,620,,,0,156,,24511,620,,,0,40,,24512,620,,,0,72,,24513,620,,,0,84,,24514,620,,,0,30,,24515,620,,,0,78,,24516,620,,,0,32,,24517,620,,,0,72,,24518,620,,,0,84,,24519,620,,,0,100,,24520,620,,,0,100,,24521,620,,,0
24601,'Fête-2-01',603,,24531,510,,,0,47,,24530,510,,,0,91,,24529,510,,,0,93,,24528,510,,,0,89,,24527,510,,,0,698,,24526,510,,,0,92,,24525,510,,,0,91,,24524,510,,,0,52,,24523,510,,,0,86,,24522,510,,,0
24601,'Semaine-01',603,,24541,510,,,0,47,,24540,510,,,0,90,,24539,510,,,0,93,,24538,510,,,0,89,,24537,510,,,0,699,,24536,510,,,0,92,,24535,510,,,0,93,,24534,510,,,0,51,,24533,510,,,0,87,,24532,510,,,0
24701,'Fête-1-01',756,,24583,510,,,0,170,,24584,510,,,0,130,,24585,510,,,0,170,,24586,510,,,0,130,,24587,510,,,0,170,,24588,510,,,0,130,,24589,510,,,0,170,,24590,510,,,0
24701,'Fête-2-01',555,,24595,510,,,0,70,,24596,510,,,0,122,,24597,510,,,0,60,,24598,510,,,0,40,,24599,510,,,0,108,,24600,510,,,0,172,,24601,510,,,0,130,,24602,510,,,0,170,,24603,510,,,0,182,,24604,510,,,0,24,,24605,510,,,0,116,,24591,510,,,0,69,,24606,510,,,0,184,,24592,510,,,0,130,,24593,510,,,0,170,,24594,510,,,0
24701,'Semaine-01',555,,24612,510,,,0,70,,24613,510,,,0,82,,24614,510,,,0,40,,24615,510,,,0,60,,24616,510,,,0,40,,24617,510,,,0,108,,24618,510,,,0,172,,24619,510,,,0,130,,24620,510,,,0,170,,24621,510,,,0,182,,24622,510,,,0,24,,24623,510,,,0,116,,24607,510,,,0,69,,24624,510,,,0,23,,24608,510,,,0,161,,24609,510,,,0,130,,24610,510,,,0,170,,24611,510,,,0
24701,'Week-end-01',756,,18888,510,,,0,170,,18889,510,,,0,130,,18890,510,,,0,170,,18891,510,,,0,130,,18892,510,,,0,170,,18893,510,,,0,130,,18894,510,,,0,170,,18895,510,,,0
24901,'Fête-1-01',758,,24699,630,,,0,168,,24700,630,,,0,130,,24701,630,,,0,170,,24702,630,,,0,130,,24703,630,,,0,170,,24704,630,,,0,130,,24705,630,,,0,170,,24706,630,,,0,130,,24707,630,,,0,170,,24708,630,,,0,130,,24709,630,,,0
24901,'Fête-2-01',625,,24710,630,,,0,23,,24711,630,,,0,78,,24712,630,,,0,98,,24713,630,,,0,24,,24714,630,,,0,100,,24715,630,,,0,95,,24716,630,,,0,100,,24717,630,,,0,100,,24718,630,,,0,100,,24719,630,,,0,100,,24720,630,,,0,161,,24721,630,,,0,54,,24722,630,,,0,79,,24723,630,,,0,72,,24724,630,,,0,92,,24725,630,,,0,58,,24726,630,,,0,141,,24727,630,,,0,103,,24728,630,,,0,97,,24729,630,,,0
24901,'Semaine-01',625,,24730,630,,,0,23,,24731,630,,,0,78,,24732,630,,,0,97,,24733,630,,,0,25,,24734,630,,,0,100,,24735,630,,,0,95,,24736,630,,,0,100,,24737,630,,,0,100,,24738,630,,,0,100,,24739,630,,,0,100,,24740,630,,,0,99,,24741,630,,,0,62,,24742,630,,,0,54,,24743,630,,,0,79,,24744,630,,,0,74,,24745,630,,,0,90,,24746,630,,,0,58,,24747,630,,,0,141,,24748,630,,,0,103,,24749,630,,,0,97,,24750,630,,,0
24901,'Week-end-01',758,,19032,630,,,0,168,,19033,630,,,0,130,,19034,630,,,0,170,,19035,630,,,0,130,,19036,630,,,0,170,,19037,630,,,0,130,,19038,630,,,0,170,,19039,630,,,0,130,,19040,630,,,0,170,,19041,630,,,0,130,,19042,630,,,0
25001,'Fête-1-01',754,,24752,590,0,31 32,0,100,,24751,590,0,31 32,0,69,,24755,940,,,0,100,,24753,940,,,0,101,,24756,940,,,0,99,,24757,940,,,0,100,,24754,940,,,0,99,,24763,940,,,0,101,,24766,940,,,0,102,,24767,940,,,0,101,,24760,940,,,0,99,,24761,940,,,0,99,,24762,940,,,0,100,,24758,940,,,0,130,,24768,940,,,0,70,,24764,940,,,0
25001,'Fête-2-01',623,,24769,590,0,31 32,0,24,,24770,590,0,31 32,0,74,,24771,590,,,0,21,,24772,940,,,0,66,,24773,940,,,0,39,,24774,940,,,0,79,,24775,940,,,0,23,,24776,940,,,0,73,,24777,940,,,0,100,,24778,940,,,0,103,,24779,940,,,0,100,,24780,940,,,0,101,,24781,940,,,0,101,,24782,940,,,0,112,,24783,940,,,0,82,,24784,940,,,0,36,,24785,940,,,0,62,,24787,940,,,0,27,,24786,940,,,0,66,,24788,940,,,0,31,,24789,940,,,0,79,,24790,940,,,0,30,,24791,940,,,0,106,,24792,940,,,0,75,,24793,940,,,0
25001,'Semaine-01',623,,24796,590,,,0,24,,24797,590,,,0,74,,24798,590,,,0,21,,24799,940,,,0,66,,24800,940,,,0,39,,24801,940,,,0,79,,24802,940,,,0,23,,24803,940,,,0,73,,24804,940,,,0,100,,24805,940,,,0,103,,24806,940,,,0,100,,24807,940,,,0,101,,24808,940,,,0,101,,24809,940,,,0,112,,24810,940,,,0,82,,24811,940,,,0,36,,24812,940,,,0,62,,24814,940,,,0,27,,24813,940,,,0,66,,24815,940,,,0,31,,24816,940,,,0,79,,24817,940,,,0,30,,24818,940,,,0,106,,24819,940,,,0,75,,24820,940,,,0
25001,'Week-end-01',754,,19212,590,0,31 32,0,100,,19196,590,0,31 32,0,69,,19110,940,,,0,100,,19108,940,,,0,101,,19112,940,,,0,99,,19113,940,,,0,100,,19109,940,,,0,99,,19121,940,,,0,101,,19124,940,,,0,102,,19127,940,,,0,101,,19117,940,,,0,99,,19119,940,,,0,99,,19120,940,,,0,100,,19115,940,,,0,130,,19128,940,,,0,70,,19122,940,,,0
25101,'Fête-1-01',755,,24823,340,0,31 32,0,93,,24838,680,,,0,100,,24836,680,,,0,100,,24839,680,,,0,100,,24835,680,,,0,100,,24834,680,,,0,100,,24837,680,,,0,100,,24830,680,,,0,100,,24833,680,,,0,100,,24829,680,,,0,100,,24831,680,,,0,100,,24827,680,,,0,99,,24832,680,,,0,100,,24824,680,,,0,100,,24825,680,,,0,100,,24826,680,,,0
25101,'Fête-2-01',945,,24841,680,,,0,100,,24840,680,,,0,100,,24848,680,,,0,100,,24845,680,,,0,100,,24847,680,,,0,100,,24843,680,,,0,655,,24846,680,,,0,57,,24844,680,,,0,98,,24842,680,,,0
25101,'Semaine-01',945,,24850,680,,,0,100,,24849,680,,,0,100,,24857,680,,,0,100,,24854,680,,,0,100,,24856,680,,,0,100,,24852,680,,,0,655,,24855,680,,,0,57,,24853,680,,,0,98,,24851,680,,,0
25101,'Week-end-01',755,,19252,340,0,31 32,0,93,,19267,680,,,0,100,,19265,680,,,0,100,,19268,680,,,0,100,,19264,680,,,0,100,,19263,680,,,0,100,,19266,680,,,0,100,,19259,680,,,0,100,,19262,680,,,0,100,,19258,680,,,0,100,,19260,680,,,0,100,,19256,680,,,0,99,,19261,680,,,0,100,,19253,680,,,0,100,,19254,680,,,0,100,,19255,680,,,0
25201,'Fête-2-01',626,,24866,310,,,0,78,,24858,310,,,0,36,,24872,310,,,0,76,,24870,310,,,0,33,,24867,310,,,0,679,,24868,310,,,0,79,,24864,310,,,0,31,,24861,310,,,0,71,,24863,310,,,0,30,,24869,310,,,0,69,,24859,310,,,0,29,,24871,310,,,0,70,,24865,310,,,0,29,,24862,310,,,0,71,,24860,310,,,0
25201,'Semaine-01',626,,24881,310,,,0,78,,24873,310,,,0,36,,24887,310,,,0,76,,24885,310,,,0,33,,24882,310,,,0,679,,24883,310,,,0,79,,24879,310,,,0,31,,24876,310,,,0,71,,24878,310,,,0,30,,24884,310,,,0,69,,24874,310,,,0,29,,24886,310,,,0,71,,24880,310,,,0,28,,24877,310,,,0,71,,24875,310,,,0
40501,'Semaine-01',1607,,25707,50,,,0,130,,25708,50,,,0
60001,'Fête-1-01',803,,25805,50,,,0,100,,25804,50,,,0,100,,25802,50,,,0,100,,25803,50,,,0,100,,25800,50,,,0,100,,25801,50,,,0,100,,25797,50,,,0,100,,25798,50,,,0,100,,25799,50,,,0,100,,25796,50,,,0,100,,25793,50,,,0,100,,25794,50,,,0,100,,25795,50,,,0,100,,25791,50,,,0,49,,25792,50,,,0,179,,25790,50,,,0
60001,'Fête-2-01',726,,25806,50,,,0,30,,25807,50,,,0,100,,25808,50,,,0,102,,25809,50,,,0,100,,25810,50,,,0,170,,25811,50,,,0,100,,25812,50,,,0,30,,25813,50,,,0,100,,25814,50,,,0,95,,25815,50,,,0,100,,25816,50,,,0,70,,25817,50,,,0,30,,25818,50,,,0,101,,25819,50,,,0,101,,25820,50,,,0,100,,25821,50,,,0,100,,25822,50,,,0,100,,25823,50,,,0,100,,25824,50,,,0
60001,'Semaine-01',659,,25829,50,,,0,67,,25830,50,,,0,30,,25831,50,,,0,100,,25832,50,,,0,102,,25833,50,,,0,100,,25834,50,,,0,100,,25835,50,,,0,70,,25836,50,,,0,100,,25837,50,,,0,30,,25838,50,,,0,70,,25839,50,,,0,30,,25840,50,,,0,65,,25841,50,,,0,30,,25842,50,,,0,70,,25843,50,,,0,30,,25844,50,,,0,70,,25845,50,,,0,30,,25846,50,,,0,71,,25847,50,,,0,30,,25848,50,,,0,101,,25849,50,,,0,100,,25850,50,,,0,100,,25851,50,,,0,100,,25852,50,,,0,100,,25853,50,,,0
60001,'Week-end-01',803,,20466,50,,,0,100,,20465,50,,,0,100,,20463,50,,,0,100,,20464,50,,,0,100,,20461,50,,,0,100,,20462,50,,,0,100,,20458,50,,,0,100,,20459,50,,,0,100,,20460,50,,,0,100,,20457,50,,,0,100,,20454,50,,,0,100,,20455,50,,,0,100,,20456,50,,,0,100,,20452,50,,,0,49,,20453,50,,,0,179,,20451,50,,,0
60501,'Semaine-01',1602,,25888,50,,,0,212,,25889,50,,,0
61000,'Fête-2-01',658,,25907,50,,,0,101,,25908,50,,,0,99,,25909,50,,,0,100,,25910,50,,,0,100,,25911,50,,,0,100,,25912,50,,,0,100,,25913,50,,,0,100,,25914,50,,,0,100,,25915,50,,,0,93,,25916,50,,,0,99,,25917,50,,,0,151,,25918,50,,,0,102,,25919,50,,,0,100,,25920,50,,,0,100,,25921,50,,,0,100,,25922,50,,,0
61000,'Semaine-01',658,,25925,50,,,0,69,,25926,50,,,0,32,,25927,50,,,0,74,,25928,50,,,0,25,,25929,50,,,0,100,,25930,50,,,0,100,,25931,50,,,0,100,,25932,50,,,0,100,,25933,50,,,0,100,,25934,50,,,0,100,,25935,50,,,0,93,,25936,50,,,0,64,,25937,50,,,0,35,,25938,50,,,0,71,,25939,50,,,0,80,,25940,50,,,0,31,,25941,50,,,0,71,,25942,50,,,0,100,,25943,50,,,0,100,,25944,50,,,0,100,,25945,50,,,0
70901,'Fête-1-01',626,,26382,520,,,0,30,,26383,520,,,0,70,,26384,520,,,0,30,,26385,520,,,0,70,,26386,520,,,0,16,,26387,520,,,0,71,,26388,520,,,0,30,,26389,520,,,0,70,,26390,520,,,0,31,,26391,520,,,0,71,,26392,520,,,0,30,,26393,520,,,0,70,,26394,520,,,0,30,,26395,520,,,0,70,,26396,520,,,0,30,,26397,520,,,0,70,,26398,520,,,0,30,,26399,520,,,0,70,,26400,520,,,0,30,,26401,520,,,0,70,,26402,520,,,0,30,,26403,520,,,0,70,,26404,520,,,0,30,,26405,520,,,0,70,,26406,520,,,0,30,,26407,520,,,0,70,,26408,520,,,0,30,,26409,520,,,0,70,,26410,520,,,0,30,,26411,520,,,0,70,,26412,520,,,0,30,,26413,520,,,0,70,,26414,520,,,0,30,,26415,520,,,0,70,,26416,520,,,0,30,,26417,520,,,0,111,,26418,520,,,0
70901,'Fête-2-01',457,,26422,520,,,0,70,,26464,520,,,0,20,,26420,520,,,0,10,,26419,520,,,0,63,,26421,520,,,0,20,,26423,520,,,0,60,,26424,520,,,0,28,,26425,520,,,0,12,,26426,520,,,0,61,,26427,520,,,0,10,,26428,520,,,0,10,,26429,520,,,0,20,,26430,520,,,0,10,,26431,520,,,0,54,,26432,520,,,0,13,,26434,520,,,0,15,,26470,520,,,0,15,,26433,520,,,0,70,,26435,520,,,0,15,,26436,520,,,0,22,,26437,550,,,0,70,,26438,550,,,0,15,,26439,550,,,0,15,,26440,550,,,0,55,,26441,550,,,0,15,,26473,550,,,0,15,,26442,550,,,0,15,,26474,550,,,0,70,,26443,550,,,0,15,,26444,550,,,0,15,,26445,550,,,0,70,,26465,550,,,0,30,,26466,550,,,0,70,,26467,550,,,0,16,,26468,550,,,0,16,,26469,550,,,0,89,,26447,550,,,0,55,,26446,550,,,0,28,,26448,550,,,0,15,,26449,550,,,0,63,,26450,550,,,0,14,,26471,550,,,0,13,,26472,550,,,0,14,,26451,550,,,0,59,,26452,550,,,0,14,,26453,550,,,0,15,,26454,550,,,0,22,,26455,520,,,0,70,,26456,520,,,0,15,,26457,520,,,0,67,,26458,520,,,0,30,,26459,520,,,0,69,,26460,520,,,0,44,,26461,520,,,0,99,,26462,520,,,0,148,,26463,520,,,0
70901,'Semaine-01',457,,26485,520,,,0,70,,26534,520,,,0,20,,26482,520,,,0,10,,26475,520,,,0,52,,26483,520,,,0,11,,26484,520,,,0,10,,26486,520,,,0,10,,26487,520,,,0,10,,26488,520,,,0,50,,26489,520,,,0,17,,26490,520,,,0,11,,26491,520,,,0,12,,26492,520,,,0,11,,26493,520,,,0,50,,26494,520,,,0,10,,26495,520,,,0,10,,26496,520,,,0,10,,26497,520,,,0,10,,26498,520,,,0,10,,26499,520,,,0,54,,26500,520,,,0,13,,26502,520,,,0,15,,26541,520,,,0,15,,26501,520,,,0,70,,26503,520,,,0,15,,26504,520,,,0,22,,26505,550,,,0,55,,26481,390,,,0,15,,26506,550,,,0,15,,26507,550,,,0,15,,26508,550,,,0,55,,26509,550,,,0,15,,26544,550,,,0,15,,26510,550,,,0,15,,26545,550,,,0,55,,26476,390,,,0,15,,26511,550,,,0,15,,26512,550,,,0,15,,26513,550,,,0,55,,26477,390,,,0,15,,26536,550,,,0,15,,26478,390,,,0,15,,26537,550,,,0,55,,26479,390,,,0,15,,26538,550,,,0,16,,26539,550,,,0,16,,26540,550,,,0,57,,26480,390,,,0,17,,26535,550,,,0,15,,26515,550,,,0,55,,26514,550,,,0,15,,26516,550,,,0,13,,26517,550,,,0,15,,26518,550,,,0,9,,26519,550,,,0,54,,26520,550,,,0,14,,26542,550,,,0,13,,26543,550,,,0,14,,26521,550,,,0,59,,26522,550,,,0,14,,26523,550,,,0,15,,26524,550,,,0,22,,26525,520,,,0,70,,26526,520,,,0,15,,26527,520,,,0,67,,26528,520,,,0,30,,26529,520,,,0,69,,26530,520,,,0,44,,26531,520,,,0,99,,26532,520,,,0,148,,26533,520,,,0
70901,'Week-end-01',626,,21198,520,,,0,30,,21199,520,,,0,70,,21200,520,,,0,30,,21201,520,,,0,70,,21202,520,,,0,16,,21203,520,,,0,71,,21204,520,,,0,30,,21205,520,,,0,70,,21206,520,,,0,31,,21207,520,,,0,71,,21208,520,,,0,30,,21209,520,,,0,70,,21210,520,,,0,30,,21211,520,,,0,70,,21212,520,,,0,30,,21213,520,,,0,70,,21214,520,,,0,30,,21215,520,,,0,70,,21216,520,,,0,30,,21217,520,,,0,70,,21218,520,,,0,30,,21219,520,,,0,70,,21220,520,,,0,30,,21221,520,,,0,70,,21222,520,,,0,30,,21223,520,,,0,70,,21224,520,,,0,30,,21225,520,,,0,70,,21226,520,,,0,30,,21227,520,,,0,70,,21228,520,,,0,30,,21229,520,,,0,70,,21230,520,,,0,30,,21231,520,,,0,70,,21232,520,,,0,30,,21233,520,,,0,111,,21234,520,,,0
