220,22001,'Semaine-03',21271,21272,21273,21274,21275,21276,21277,21278,21279,21280,21281,21282,21283,21284,21285,21286,21287,21288,21289,21290,21291,21292,21293,21294,21295,21296
220,22001,'Week-end-01',17349,17350,17351,17352,17353,17354,17355,17356
221,22100,'Semaine-03',21304,21305,21306,21307,21308,21309,21310,21311,21312,21313,21314,21315,21316,21317,21318,21319,21320,21321,21322,21323,21324,21325,21326,21327
221,22100,'Week-end-01',17412,17413,17414,17415,17416,17417,17418
222,22201,'Semaine-03',21343,21344,21345,21346,21347,21348,21349,21350,21351,21352,21353,21354,21355,21356,21357,21358,21359,21360,21361,21362,21363
222,22201,'Week-end-01',17476,17477,17478,17479,17480,17481,17482,17483,17484,17485,17486,17487,17488,17489,17490
225,22501,'Semaine-03',21371,21372,21373,21374,21375,21376,21377,21378,21379,21380,21381,21382,21383,21384,21385,21386,21387,21388,21389,21390,21391,21392
225,22501,'Week-end-01',17542,17543,17544,17545,17546,17547,17548
226,22600,'Semaine-03',21401,21402,21403,21404,21405,21406,21407,21408,21409,21410,21411,21412,21413,21414,21415,21416,21417,21418,21419,21420,21421,21422,21423,21424
226,22600,'Week-end-01',17605,17606,17607,17608,17609,17610,17611,17612
227,22701,'Semaine-03',21432,21433,21434,21435,21436,21437,21438,21439,21440,21441,21442,21443,21444,21445,21446,21447,21448,21449,21450,21451,21452,21453,21454,21455
227,22701,'Week-end-01',17668,17669,17670,17671,17672,17673,17674
228,22800,'Semaine-03',21464,21465,21466,21467,21468,21469,21470,21471,21472,21473,21474,21475,21476,21477,21478,21479,21480,21481,21482,21483,21484,21485,21486,21487
228,22800,'Week-end-01',17731,17732,17733,17734,17735,17736,17737,17738
230,23000,'Semaine-03',21503,21504,21505,21506,21507,21508,21509,21510,21511,21512,21513,21514,21515,21516,21517,21518,21519,21520,21521,21522,21523
230,23000,'Week-end-01',17796,17797,17798,17799,17800,17801,17802,17803,17804,17805,17806,17807,17808,17809,17810
230,23001,'Semaine-03',21539,21540,21541,21542,21543,21544,21545,21546,21547,21548,21549,21550,21551,21552,21553,21554,21555,21556,21557,21558,21559,21560
230,23001,'Week-end-01',17870,17871,17872,17873,17874,17875,17876,17877,17878,17879,17880,17881,17882,17883,17884
231,23101,'Semaine-03',21576,21577,21578,21579,21580,21581,21582,21583,21584,21585,21586,21587,21588,21589,21590,21591,21592,21593,21594,21595,21596,21597,21598
231,23101,'Week-end-01',17946,17947,17948,17949,17950,17951,17952,17953,17954,17955,17956,17957,17958,17959,17960
232,23200,'Semaine-03',21614,21615,21616,21617,21618,21619,21620,21621,21622,21623,21624,21625,21626,21627,21628,21629,21630,21631,21632,21633,21634,21635,21636
232,23200,'Week-end-01',18022,18023,18024,18025,18026,18027,18028,18029,18030,18031,18032,18033,18034,18035,18036
233,23300,'Semaine-03',21645,21646,21647,21648,21649,21650,21651,21652,21653,21654,21655,21656
233,23300,'Week-end-01',18069,18070,18071,18072,18073,18074,18075,18076
234,23400,'Semaine-03',21665,21666,21667,21668,21669,21670,21671,21672,21673,21674,21675,21676,21677,21678
234,23400,'Week-end-01',18113,18114,18115,18116,18117,18118,18119,18120
235,23500,'Semaine-03',21694,21695,21696,21697,21698,21699,21700,21701,21702,21703,21704,21705,21706,21707,21708,21709,21710,21711,21712,21713,21714,21715
235,23500,'Week-end-01',18180,18181,18182,18183,18184,18185,18186,18187,18188,18189,18190,18191,18192,18193,18194
235,23501,'Semaine-03',21731,21732,21733,21734,21735,21736,21737,21738,21739,21740,21741,21742,21743,21744,21745,21746,21747,21748,21749,21750,21751,21752
235,23501,'Week-end-01',18254,18255,18256,18257,18258,18259,18260,18261,18262,18263,18264,18265,18266,18267,18268
236,23600,'Semaine-03',21768,21769,21770,21771,21772,21773,21774,21775,21776,21777,21778,21779,21780,21781,21782,21783,21784,21785,21786
236,23600,'Week-end-01',18322,18323,18324,18325,18326,18327,18328,18329,18330,18331,18332,18333,18334,18335,18336
237,23701,'Semaine-03',21802,21803,21804,21805,21806,21807,21808,21809,21810,21811,21812,21813,21814,21815,21816,21817,21818,21819,21820
237,23701,'Week-end-01',18390,18391,18392,18393,18394,18395,18396,18397,18398,18399,18400,18401,18402,18403,18404
238,23801,'Semaine-03',21837,21838,21839,21840,21841,21842,21843,21844,21845,21846,21847,21848,21849,21850,21851,21852,21853,21854,21855,21856,21857,21858,21859,21860
238,23801,'Week-end-01',18469,18470,18471,18472,18473,18474,18475,18476,18477,18478,18479,18480,18481,18482,18483,18484
239,23900,'Semaine-03',21877,21878,21879,21880,21881,21882,21883,21884,21885,21886,21887,21888,21889,21890,21891,21892,21893,21894,21895,21896,21897,21898,21899,21900,21901
239,23900,'Week-end-01',18551,18552,18553,18554,18555,18556,18557,18558,18559,18560,18561,18562,18563,18564,18565,18566
240,24001,'Semaine-03',21902,21903,21904,21905,21906,21907,21908,21909,21910,21911,21912,21913,21914,21915,21916,21917,21918,21919,21920,21921,21922,21923
241,24100,'Semaine-03',21924,21925,21926,21927,21928,21929,21930,21931,21932,21933,21934,21935,21936,21937,21938,21939,21940,21941,21942,21943,21944,21945
242,24201,'Semaine-03',21962,21963,21964,21965,21966,21967,21968,21969,21970,21971,21972,21973,21974,21975,21976,21977,21978,21979,21980,21981,21982
242,24201,'Week-end-01',18713,18714,18715,18716,18717,18718,18719,18720,18721,18722,18723,18724,18725,18726,18727,18728
243,24300,'Semaine-03',21983,21984,21985,21986,21987,21988,21989,21990,21991,21992,21993,21994,21995,21996,21997,21998,21999,22000,22001,22002,22003,22004,22005,22006,22007
246,24601,'Semaine-03',22008,22009,22010,22011,22012,22013,22014,22015,22016,22017
247,24700,'Semaine-03',22027,22028,22029,22030,22031,22032,22033,22034,22035,22036,22037,22038,22039,22040,22041
247,24700,'Week-end-01',18838,18839,18840,18841,18842,18843,18844,18845,18846
247,24701,'Semaine-03',22051,22052,22053,22054,22055,22056,22057,22058,22059,22060,22061,22062,22063,22064,22065,22066
247,24701,'Week-end-01',18888,18889,18890,18891,18892,18893,18894,18895,18896
248,24800,'Semaine-03',22067,22068,22069,22070,22071,22072
248,24801,'Semaine-03',22073,22074,22075,22076,22077
249,24900,'Semaine-03',22089,22090,22091,22092,22093,22094,22095,22096,22097,22098,22099,22100,22101,22102,22103,22104,22105,22106,22107,22108
249,24900,'Week-end-01',18970,18971,18972,18973,18974,18975,18976,18977,18978,18979,18980
249,24901,'Semaine-03',22120,22121,22122,22123,22124,22125,22126,22127,22128,22129,22130,22131,22132,22133,22134,22135,22136,22137,22138,22139
249,24901,'Week-end-01',19032,19033,19034,19035,19036,19037,19038,19039,19040,19041,19042
250,25000,'Semaine-03',22161,22162,22163,22164,22165,22166,22167,22168,22169,22170,22171,22172,22173,22174,22175,22176,22177,22178,22179,22180,22181,22182
250,25000,'Week-end-01',19108,19109,19110,19111,19112,19113,19114,19115,19116,19117,19118,19119,19120,19121,19122,19123,19124,19125,19126,19127,19128
250,25001,'Semaine-03',22204,22205,22206,22207,22208,22209,22210,22211,22212,22213,22214,22215,22216,22217,22218,22219,22220,22221,22222,22223,22224,22225
250,25001,'Week-end-01',19194,19195,19196,19197,19198,19199,19200,19201,19202,19203,19204,19205,19206,19207,19208,19209,19210,19211,19212,19213,19214
251,25100,'Semaine-03',22243,22244,22245,22246,22247,22248,22249,22250,22251,22252
251,25100,'Week-end-01',19252,19253,19254,19255,19256,19257,19258,19259,19260,19261,19262,19263,19264,19265,19266,19267,19268
252,25201,'Semaine-03',22253,22254,22255,22256,22257,22258,22259,22260,22261,22262,22263,22264,22265,22266,22267
253,25300,'Semaine-03',22268,22269,22270,22271,22272,22273
253,25301,'Semaine-03',22274,22275,22276,22277,22278
254,25400,'Semaine-03',22279,22280,22281,22282,22283,22284,22285,22286,22287,22288,22289,22290
255,25500,'Semaine-03',22291,22292,22293,22294,22295,22296,22297,22298,22299,22300,22301,22302
303,30300,'Semaine-03',22318,22319,22320,22321,22322,22323,22324,22325,22326,22327,22328,22329,22330,22331,22332,22333,22334,22335,22336,22337,22338,22339,22340
303,30300,'Week-end-01',19430,19431,19432,19433,19434,19435,19436,19437,19438,19439,19440,19441,19442,19443,19444
303,30301,'Semaine-03',22356,22357,22358,22359,22360,22361,22362,22363,22364,22365,22366,22367,22368,22369,22370,22371,22372,22373,22374,22375,22376,22377
303,30301,'Week-end-01',19504,19505,19506,19507,19508,19509,19510,19511,19512,19513,19514,19515,19516,19517,19518
306,30600,'Semaine-03',22393,22394,22395,22396,22397,22398,22399,22400,22401,22402,22403,22404,22405,22406,22407,22408,22409,22410,22411,22412,22413,22414,22415
306,30600,'Week-end-01',19580,19581,19582,19583,19584,19585,19586,19587,19588,19589,19590,19591,19592,19593,19594
306,30601,'Semaine-03',22431,22432,22433,22434,22435,22436,22437,22438,22439,22440,22441,22442,22443,22444,22445,22446,22447,22448,22449,22450,22451,22452
306,30601,'Week-end-01',19654,19655,19656,19657,19658,19659,19660,19661,19662,19663,19664,19665,19666,19667,19668
309,30900,'Semaine-03',22468,22469,22470,22471,22472,22473,22474,22475,22476,22477,22478,22479,22480,22481,22482,22483,22484,22485,22486,22487,22488,22489,22490
309,30900,'Week-end-01',19730,19731,19732,19733,19734,19735,19736,19737,19738,19739,19740,19741,19742,19743,19744
309,30901,'Semaine-03',22506,22507,22508,22509,22510,22511,22512,22513,22514,22515,22516,22517,22518,22519,22520,22521,22522,22523,22524,22525,22526,22527
309,30901,'Week-end-01',19804,19805,19806,19807,19808,19809,19810,19811,19812,19813,19814,19815,19816,19817,19818
310,31000,'Semaine-03',22543,22544,22545,22546,22547,22548,22549,22550,22551,22552,22553,22554,22555,22556,22557,22558,22559,22560,22561,22562,22563,22564,22565
310,31000,'Week-end-01',19880,19881,19882,19883,19884,19885,19886,19887,19888,19889,19890,19891,19892,19893,19894
310,31001,'Semaine-03',22581,22582,22583,22584,22585,22586,22587,22588,22589,22590,22591,22592,22593,22594,22595,22596,22597,22598,22599,22600,22601,22602
310,31001,'Week-end-01',19954,19955,19956,19957,19958,19959,19960,19961,19962,19963,19964,19965,19966,19967,19968
311,31100,'Semaine-03',22618,22619,22620,22621,22622,22623,22624,22625,22626,22627,22628,22629,22630,22631,22632,22633,22634,22635,22636,22637,22638,22639,22640
311,31100,'Week-end-01',20030,20031,20032,20033,20034,20035,20036,20037,20038,20039,20040,20041,20042,20043,20044
311,31101,'Semaine-03',22656,22657,22658,22659,22660,22661,22662,22663,22664,22665,22666,22667,22668,22669,22670,22671,22672,22673,22674,22675,22676,22677
311,31101,'Week-end-01',20104,20105,20106,20107,20108,20109,20110,20111,20112,20113,20114,20115,20116,20117,20118
312,31200,'Semaine-03',22693,22694,22695,22696,22697,22698,22699,22700,22701,22702,22703,22704,22705,22706,22707,22708,22709,22710,22711,22712,22713,22714
312,31200,'Week-end-01',20178,20179,20180,20181,20182,20183,20184,20185,20186,20187,20188,20189,20190,20191,20192
312,31201,'Semaine-03',22730,22731,22732,22733,22734,22735,22736,22737,22738,22739,22740,22741,22742,22743,22744,22745,22746,22747,22748,22749,22750,22751,22752
312,31201,'Week-end-01',20254,20255,20256,20257,20258,20259,20260,20261,20262,20263,20264,20265,20266,20267,20268
317,31700,'Semaine-03',22754,22755,22756,22757,22758
317,31700,'Semaine-03-1010100',22759
317,31700,'Week-end-01',20282
317,31701,'Semaine-03',22761,22762,22763,22764,22765,22766
317,31701,'Semaine-03-1010100',22767
317,31701,'Week-end-01',20298
514,51400,'Semaine-03',22768,22769,22770,22771
514,51401,'Semaine-03',22772,22773,22774
600,60000,'Semaine-03',22792,22793,22794,22795,22796,22797,22798,22799,22800,22801,22802,22803,22804,22805,22806,22807,22808,22809,22810,22811,22812
600,60000,'Week-end-01',20372,20373,20374,20375,20376,20377,20378,20379,20380,20381,20382,20383,20384,20385,20386,20387,20388
600,60001,'Semaine-03',22829,22830,22831,22832,22833,22834,22835,22836,22837,22838,22839,22840,22841,22842,22843,22844,22845,22846,22847,22848,22849,22850,22851
600,60001,'Week-end-01',20451,20452,20453,20454,20455,20456,20457,20458,20459,20460,20461,20462,20463,20464,20465,20466
604,60400,'Semaine-03',22852,22853,22854,22855,22856,22857,22858,22859
604,60401,'Semaine-03',22860,22861,22862,22863,22864,22865
610,61000,'Semaine-03',22882,22883,22884,22885,22886,22887,22888,22889,22890,22891,22892,22893,22894,22895,22896,22897,22898,22899
610,61000,'Week-end-01',20547,20548,20549,20550,20551,20552,20553,20554,20555,20556,20557,20558,20559,20560,20561,20562
610,61001,'Semaine-03',22917,22918,22919,22920,22921,22922,22923,22924,22925,22926,22927,22928,22929,22930,22931,22932,22933,22934,22935
610,61001,'Week-end-01',20618,20619,20620,20621,20622,20623,20624,20625,20626,20627,20628,20629,20630,20631,20632,20633,20634
707,70700,'Semaine-03',22936,22937,22938,22939,22940,22941
707,70701,'Semaine-03',22942,22943,22944,22945,22946,22947
708,70800,'Semaine-03',22967,22968,22969,22970,22971,22972,22973,22974,22975,22976,22977,22978,22979,22980,22981,22982,22983,22984,22985,22986,22987,22988,22989,22990,22991,22992,22993,22994,22995,22996,22997,22998,22999,23000,23001
708,70800,'Week-end-01',20748,20749,20750,20751,20752,20753,20754,20755,20756,20757,20758,20759,20760,20761,20762,20763,20764,20765,20766
708,70801,'Semaine-03',23021,23022,23023,23024,23025,23026,23027,23028,23029,23030,23031,23032,23033,23034,23035,23036,23037,23038,23039,23040,23041,23042,23043,23044,23045,23046,23047,23048,23049,23050,23051,23052,23053
708,70801,'Week-end-01',20852,20853,20854,20855,20856,20857,20858,20859,20860,20861,20862,20863,20864,20865,20866,20867,20868,20869,20870
709,70900,'Semaine-03',23093,23094,23095,23096,23097,23098,23099,23100,23101,23102,23103,23104,23105,23106,23107,23108,23109,23110,23111,23112,23113,23114,23115,23116,23117,23118,23119,23120,23121,23122,23123,23124,23125,23126,23127,23128,23129,23130,23131,23132,23133,23134,23135,23136,23137,23138,23139,23140,23141,23142
709,70900,'Week-end-01',21010,21011,21012,21013,21014,21015,21016,21017,21018,21019,21020,21021,21022,21023,21024,21025,21026,21027,21028,21029,21030,21031,21032,21033,21034,21035,21036,21037,21038,21039,21040,21041,21042,21043,21044,21045,21046,21047,21048
709,70901,'Semaine-03',23180,23181,23182,23183,23184,23185,23186,23187,23188,23189,23190,23191,23192,23193,23194,23195,23196,23197,23198,23199,23200,23201,23202,23203,23204,23205,23206,23207,23208,23209,23210,23211,23212,23213,23214,23215,23216,23217,23218,23219,23220,23221,23222,23223,23224,23225,23226,23227,23228,23229,23230,23231,23232,23233,23234,23235
709,70901,'Week-end-01',21198,21199,21200,21201,21202,21203,21204,21205,21206,21207,21208,21209,21210,21211,21212,21213,21214,21215,21216,21217,21218,21219,21220,21221,21222,21223,21224,21225,21226,21227,21228,21229,21230,21231,21232,21233,21234
30000001,3000000100,'Semaine-03',23243,23244,23245,23246,23247,23248,23249
30000001,3000000101,'Semaine-03',23257,23258,23259,23260,23261,23262,23263
