24001,'Semaine-03',535,,21902,20,,,0,24,,21903,20,,,0,74,,21904,20,,,0,23,,21905,20,,,0,103,,21906,20,,,0,142,,21907,20,,,0,100,,21908,20,,,0,100,,21909,20,,,0,100,,21910,20,,,0,100,,21911,20,,,0,100,,21912,20,,,0,107,,21913,20,,,0,111,,21914,20,,,0,100,,21915,20,,,0,28,,21916,20,,,0,71,,21917,20,,,0,33,,21918,20,,,0,97,,21919,20,,,0,68,,21920,20,,,0,99,,21921,20,,,0,98,,21922,20,,,0,97,,21923,20,,,0
24300,'Semaine-03',625,,21986,20,,,0,22,,21987,20,,,0,88,,21988,20,,,0,18,,21989,20,,,0,88,,21990,20,,,0,14,,21991,20,,,0,145,,21992,20,,,0,100,,21993,20,,,0,100,,21994,20,,,0,100,,21995,20,,,0,100,,21996,20,,,0,110,,21997,20,,,0,40,,21998,20,,,0,75,,21999,20,,,0,85,,22000,20,,,0,30,,22001,20,,,0,77,,22002,20,,,0,35,,22003,20,,,0,73,,22004,20,,,0,84,,22005,20,,,0,102,,22006,20,,,0,100,,22007,20,,,0,100,,21983,20,0,8 9 1 10,0
24601,'Semaine-03',526,,22017,20,,,0,86,,22016,20,,,0,88,,22015,20,,,0,50,,22014,20,,,0,93,,22013,20,,,0,698,,22012,20,,,0,91,,22011,20,,,0,93,,22010,20,,,0,93,,22009,20,,,0,89,,22008,20,,,0
24700,'Semaine-03',635,,22032,20,,,0,82,,22033,20,,,0,103,,22034,20,,,0,186,,22040,20,,,0,130,,22041,20,,,0,170,,22038,20,,,0,130,,22039,20,,,0,71,,22027,20,,,0,112,,22028,20,,,0,92,,22029,20,,,0,107,,22030,20,,,0,33,,22031,20,,,0,161,,22035,20,,,0,129,,22036,20,,,0,170,,22037,20,,,0
24700,'Week-end-01',806,,18844,20,,,0,130,,18838,20,,,0,170,,18840,20,,,0,130,,18845,20,,,0,170,,18846,20,,,0,130,,18841,20,,,0,170,,18839,20,,,0,130,,18842,20,,,0,170,,18843,20,,,0
24900,'Semaine-03',636,,22090,20,,,0,65,,22091,20,,,0,33,,22092,20,,,0,98,,22093,20,,,0,174,,22094,20,,,0,100,,22095,20,,,0,100,,22096,20,,,0,100,,22097,20,,,0,100,,22098,20,,,0,106,,22099,20,,,0,35,,22100,20,,,0,73,,22101,20,,,0,92,,22102,20,,,0,32,,22103,20,,,0,76,,22104,20,,,0,91,,22105,20,,,0,100,,22106,20,,,0,100,,22107,20,,,0,100,,22108,20,,,0,100,,22089,20,,,0
24900,'Week-end-01',805,,18970,20,0,5,0,130,,18971,20,0,5,0,170,,18980,20,0,5,0,130,,18972,20,0,5,0,170,,18973,20,0,5,0,130,,18974,20,0,5,0,170,,18975,20,0,5,0,130,,18976,20,0,5,0,170,,18977,20,0,5,0,130,,18978,20,0,5,0,170,,18979,20,0,5,0
25000,'Semaine-03',634,,22161,20,,,0,23,,22162,20,,,0,73,,22163,20,,,0,25,,22164,20,,,0,82,,22165,20,,,0,164,,22166,20,,,0,100,,22167,20,,,0,100,,22168,20,,,0,100,,22169,20,,,0,100,,22170,20,,,0,105,,22171,20,,,0,50,,22172,20,,,0,63,,22173,20,,,0,98,,22174,20,,,0,27,,22175,20,,,0,72,,22176,20,,,0,35,,22177,20,,,0,70,,22178,20,,,0,90,,22179,20,,,0,104,,22180,20,,,0,96,,22181,20,,,0,100,,22182,20,,,0
25000,'Week-end-01',806,,19110,20,,,0,100,,19108,20,,,0,30,,19111,20,,,0,100,,19112,20,,,0,70,,19113,20,,,0,100,,19109,20,,,0,30,,19126,20,,,0,100,,19121,20,,,0,70,,19124,20,,,0,100,,19127,20,,,0,30,,19118,20,,,0,100,,19117,20,,,0,70,,19119,20,,,0,100,,19120,20,,,0,30,,19125,20,,,0,100,,19115,20,,,0,70,,19128,20,,,0,100,,19122,20,,,0,30,,19114,20,,,0,100,,19123,20,,,0,70,,19116,20,,,0
25100,'Semaine-03',901,,22244,20,,,0,100,,22243,20,,,0,100,,22252,20,,,0,100,,22248,20,,,0,100,,22251,20,,,0,100,,22246,20,,,0,615,,22249,20,,,0,97,,22247,20,,,0,98,,22245,20,,,0,100,,22250,20,0,8 27 75,0
25100,'Week-end-01',806,,19267,20,,,0,100,,19265,20,,,0,100,,19268,20,,,0,100,,19264,20,,,0,100,,19263,20,,,0,100,,19266,20,,,0,100,,19259,20,,,0,100,,19262,20,,,0,100,,19258,20,,,0,100,,19260,20,,,0,100,,19256,20,,,0,100,,19261,20,,,0,100,,19253,20,,,0,100,,19254,20,,,0,100,,19255,20,,,0,100,,19257,20,0,8 27 75,0
25201,'Semaine-03',605,,22261,20,,,0,38,,22253,20,,,0,76,,22267,20,,,0,36,,22265,20,,,0,73,,22262,20,,,0,678,,22263,20,,,0,40,,22259,20,,,0,73,,22256,20,,,0,31,,22258,20,,,0,71,,22264,20,,,0,30,,22254,20,,,0,69,,22266,20,,,0,31,,22260,20,,,0,69,,22257,20,,,0,28,,22255,20,,,0
60000,'Semaine-03',704,,22798,730,,,0,36,,22800,730,,,0,70,,22802,730,,,0,30,,22804,730,,,0,70,,22806,730,,,0,30,,22807,730,,,0,94,,22808,730,,,0,100,,22809,730,,,0,170,,22810,730,,,0,100,,22811,730,,,0,130,,22812,730,,,0,101,,22795,730,,,0,70,,22794,730,,,0,30,,22793,730,,,0,100,,22792,730,,,0,99,,22805,730,,,0,100,,22803,730,,,0,100,,22801,730,,,0,96,,22799,730,,,0,104,,22797,730,,,0
60000,'Week-end-01',734,,20388,730,,,0,100,,20387,730,,,0,100,,20386,730,,,0,100,,20385,730,,,0,100,,20384,730,,,0,100,,20383,730,,,0,100,,20382,730,,,0,100,,20381,730,,,0,100,,20380,730,,,0,100,,20379,730,,,0,100,,20378,730,,,0,100,,20377,730,,,0,100,,20376,730,,,0,100,,20375,730,,,0,100,,20374,730,,,0,100,,20372,730,,,0,88,,20373,730,,,0
70900,'Semaine-03',549,,23094,100,0,11 12 13,0,78,,23095,100,0,11 12 13,0,20,,23096,100,0,11 12 13,0,7,,23097,100,0,11 12 13,0,78,,23098,100,0,11 12 13,0,19,,23099,100,0,11 12 13,0,65,,23100,100,0,11 12 13,0,28,,23101,100,0,11 12 13,0,74,,23102,100,0,11 12 13,0,25,,23140,100,0,11 12 13,0,68,,23103,100,0,11 12 13,0,15,,23104,100,0,11 12 13,0,29,,23105,100,0,11 12 13,0,55,,23106,100,0,11 12 13,0,15,,23107,100,0,11 12 13,0,23,,23108,100,0,11 12 13,0,70,,23109,100,0,11 12 13,0,15,,23136,100,0,11 12 13,0,15,,23139,100,0,11 12 13,0,55,,23138,100,0,11 12 13,0,30,,23137,100,0,11 12 13,0,85,,23135,100,0,11 12 13,0,15,,23110,100,0,11 12 13,0,21,,23111,100,0,11 12 13,0,84,,23112,100,,,0,66,,23113,100,,,0,20,,23133,100,,,0,17,,23134,100,,,0,11,,23127,100,,,0,56,,23132,100,,,0,13,,23128,100,,,0,13,,23129,100,,,0,9,,23130,100,,,0,11,,23131,100,,,0,53,,23126,100,,,0,28,,23114,100,,,0,13,,23115,100,,,0,52,,23116,100,,,0,12,,23117,100,,,0,27,,23125,100,,,0,19,,23118,100,,,0,69,,23119,100,,,0,22,,23142,100,,,0,70,,23120,100,,,0,15,,23121,100,,,0,97,,23122,100,,,0,69,,23123,100,,,0,44,,23141,100,,,0,99,,23124,100,,,0,108,,23093,100,,,0
70900,'Week-end-01',636,,21010,100,,,0,65,,21011,100,,,0,15,,21012,100,,,0,30,,21013,100,,,0,70,,21014,100,,,0,30,,21015,100,,,0,70,,21016,100,,,0,30,,21017,100,,,0,70,,21018,100,,,0,30,,21019,100,,,0,70,,21020,100,,,0,30,,21021,100,,,0,70,,21022,100,,,0,30,,21023,100,,,0,70,,21024,100,,,0,30,,21025,100,,,0,70,,21026,100,,,0,30,,21027,100,,,0,70,,21028,100,,,0,30,,21029,100,,,0,70,,21030,100,,,0,30,,21031,100,,,0,70,,21032,100,,,0,30,,21033,100,,,0,70,,21034,100,,,0,30,,21035,100,,,0,70,,21036,100,,,0,30,,21037,100,,,0,70,,21038,100,,,0,30,,21039,100,,,0,70,,21040,100,,,0,30,,21041,100,,,0,70,,21042,100,,,0,20,,21043,100,,,0,70,,21044,100,,,0,30,,21045,100,,,0,70,,21046,100,,,0,30,,21047,100,,,0,109,,21048,100,,,0
