22701,'Fête-1-01',940,,23543,640,,,0,200,,23544,640,,,0,200,,23545,640,,,0,200,,23546,640,,,0,200,,23547,640,,,0,200,,23548,640,,,0,200,,23549,640,,,0
22701,'Fête-2-01',541,,23550,320,0,6 7,0,70,,23551,320,0,6 7,0,26,,23552,640,,,0,70,,23553,640,,,0,35,,23554,640,,,0,80,,23555,640,,,0,80,,23556,640,,,0,36,,23557,640,,,0,100,,23558,640,,,0,100,,23559,640,,,0,100,,23560,640,,,0,100,,23561,640,,,0,100,,23562,640,,,0,100,,23563,640,,,0,104,,23564,640,,,0,90,,23565,640,,,0,80,,23566,640,,,0,40,,23567,640,,,0,70,,23568,640,,,0,30,,23569,640,,,0,85,,23570,640,,,0,100,,23571,640,,,0,100,,23572,640,,,0
22701,'Semaine-01',541,,23574,320,0,6 7,0,70,,23575,320,0,6 7,0,26,,23576,640,,,0,70,,23577,640,,,0,35,,23578,640,,,0,80,,23579,640,,,0,80,,23580,640,,,0,36,,23581,640,,,0,100,,23582,640,,,0,100,,23583,640,,,0,100,,23584,640,,,0,100,,23585,640,,,0,100,,23586,640,,,0,100,,23587,640,,,0,104,,23588,640,,,0,90,,23589,640,,,0,80,,23590,640,,,0,40,,23591,640,,,0,70,,23592,640,,,0,30,,23593,640,,,0,85,,23594,640,,,0,100,,23595,640,,,0,100,,23596,640,,,0
22701,'Week-end-01',940,,17668,640,,,0,200,,17669,640,,,0,200,,17670,640,,,0,200,,17671,640,,,0,200,,17672,640,,,0,200,,17673,640,,,0,200,,17674,640,,,0
22800,'Fête-1-01',840,,23605,650,,,0,200,,23602,650,,,0,200,,23603,650,,,0,200,,23598,650,,,0,200,,23600,650,,,0,200,,23604,650,,,0,200,,23601,650,,,0
22800,'Fête-2-01',558,,23606,210,0,6 7,0,70,,23629,210,0,6 7,0,25,,23607,650,,,0,77,,23608,650,,,0,75,,23609,650,,,0,40,,23610,650,,,0,80,,23611,650,,,0,83,,23612,650,,,0,100,,23613,650,,,0,100,,23614,650,,,0,100,,23615,650,,,0,100,,23616,650,,,0,100,,23617,650,,,0,100,,23618,650,,,0,107,,23619,650,,,0,40,,23620,650,,,0,80,,23621,650,,,0,80,,23622,650,,,0,23,,23623,650,,,0,70,,23624,650,,,0,100,,23625,650,,,0,100,,23626,650,,,0,100,,23627,650,,,0
22800,'Semaine-01',558,,23630,210,0,6 7,0,70,,23653,210,0,6 7,0,25,,23631,650,,,0,77,,23632,650,,,0,75,,23633,650,,,0,40,,23634,650,,,0,80,,23635,650,,,0,83,,23636,650,,,0,100,,23637,650,,,0,100,,23638,650,,,0,100,,23639,650,,,0,100,,23640,650,,,0,100,,23641,650,,,0,100,,23642,650,,,0,107,,23643,650,,,0,40,,23644,650,,,0,80,,23645,650,,,0,80,,23646,650,,,0,23,,23647,650,,,0,70,,23648,650,,,0,100,,23649,650,,,0,100,,23650,650,,,0,100,,23651,650,,,0
22800,'Week-end-01',840,,17738,650,,,0,200,,17735,650,,,0,200,,17736,650,,,0,200,,17731,650,,,0,200,,17733,650,,,0,200,,17737,650,,,0,200,,17734,650,,,0
60501,'Semaine-01',1654,,25888,520,,,0,252,,25889,520,,,0
70800,'Fête-1-01',745,,26035,390,,,0,104,,26036,390,,,0,89,,26037,390,,,0,100,,26038,390,,,0,102,,26039,390,,,0,99,,26040,390,,,0,100,,26041,390,,,0,100,,26042,390,,,0,100,,26043,390,,,0,100,,26044,390,,,0,100,,26045,390,,,0,100,,26046,390,,,0,100,,26047,390,,,0,96,,26048,390,,,0,103,,26049,390,,,0,80,,26050,390,,,0,83,,26051,390,,,0,40,,26033,390,,,0,117,,26034,390,,,0
70800,'Fête-2-01',607,,26052,390,,,0,30,,26053,390,,,0,70,,26054,390,,,0,35,,26055,390,,,0,70,,26056,390,,,0,11,,26057,390,,,0,19,,26058,390,,,0,68,,26059,390,,,0,29,,26060,390,,,0,102,,26061,390,,,0,100,,26062,390,,,0,100,,26063,390,,,0,100,,26064,390,,,0,99,,26065,390,,,0,99,,26066,390,,,0,76,,26067,390,,,0,21,,26068,390,,,0,13,,26069,390,,,0,61,,26070,390,,,0,9,,26071,390,,,0,21,,26072,390,,,0,13,,26073,390,,,0,60,,26074,390,,,0,5,,26075,390,,,0,15,,26076,390,,,0,11,,26077,390,,,0,63,,26078,390,,,0,30,,26079,390,,,0,100,,26080,390,,,0,100,,26081,390,,,0,90,,26082,390,,,0,84,,26083,390,,,0,98,,26084,390,,,0,100,,26085,390,,,0,100,,26086,390,,,0
70800,'Semaine-01',607,,26087,390,,,0,30,,26088,390,,,0,70,,26089,390,,,0,35,,26090,390,,,0,70,,26091,390,,,0,11,,26092,390,,,0,19,,26093,390,,,0,68,,26094,390,,,0,29,,26095,390,,,0,72,,26096,390,,,0,30,,26097,390,,,0,70,,26098,390,,,0,30,,26099,390,,,0,70,,26100,390,,,0,30,,26101,390,,,0,70,,26102,390,,,0,30,,26103,390,,,0,70,,26104,390,,,0,29,,26105,390,,,0,70,,26106,390,,,0,29,,26107,390,,,0,68,,26108,390,,,0,8,,26109,390,,,0,21,,26110,390,,,0,13,,26111,390,,,0,61,,26112,390,,,0,9,,26113,390,,,0,21,,26114,390,,,0,13,,26115,390,,,0,60,,26116,390,,,0,5,,26117,390,,,0,15,,26118,390,,,0,11,,26119,390,,,0,63,,26120,390,,,0,30,,26121,390,,,0,70,,26122,390,,,0,30,,26123,390,,,0,70,,26124,390,,,0,30,,26125,390,,,0,20,,26126,390,,,0,70,,26127,390,,,0,84,,26128,390,,,0,98,,26129,390,,,0,100,,26130,390,,,0,100,,26131,390,,,0
70800,'Week-end-01',745,,20750,390,,,0,104,,20751,390,,,0,89,,20752,390,,,0,100,,20753,390,,,0,102,,20754,390,,,0,99,,20755,390,,,0,100,,20756,390,,,0,100,,20757,390,,,0,100,,20758,390,,,0,100,,20759,390,,,0,100,,20760,390,,,0,100,,20761,390,,,0,100,,20762,390,,,0,96,,20763,390,,,0,103,,20764,390,,,0,80,,20765,390,,,0,83,,20766,390,,,0,40,,20748,390,,,0,117,,20749,390,,,0
