30300,'Semaine-03',619,,22318,40,,,0,30,,22319,40,,,0,70,,22320,40,,,0,30,,22321,40,,,0,70,,22322,40,,,0,30,,22323,40,,,0,100,,22334,40,,,0,100,,22324,40,,,0,100,,22325,40,,,0,100,,22326,40,,,0,100,,22327,40,,,0,100,,22328,40,,,0,100,,22329,40,,,0,70,,22335,40,,,0,30,,22336,40,,,0,70,,22330,40,,,0,30,,22331,40,,,0,70,,22332,40,,,0,30,,22333,40,,,0,100,,22337,40,,,0,100,,22338,40,,,0,100,,22339,40,,,0,100,,22340,40,,,0
30300,'Week-end-01',849,,19430,40,0,48 49 50,0,100,,19431,40,0,48 49 50,0,100,,19432,40,0,48 49 50,0,100,,19433,40,0,48 49 50,0,100,,19434,40,0,48 49 50,0,100,,19435,40,0,48 49 50,0,100,,19436,40,0,48 49 50,0,100,,19437,40,0,48 49 50,0,100,,19438,40,0,48 49 50,0,100,,19439,40,0,48 49 50,0,100,,19440,40,0,48 49 50,0,100,,19441,40,0,48 49 50,0,100,,19442,40,0,48 49 50,0,100,,19443,40,0,48 49 50,0,100,,19444,40,0,48 49 50,0
30301,'Semaine-03',544,,22369,190,,,0,100,,22370,190,,,0,70,,22371,190,,,0,32,,22372,190,,,0,70,,22373,190,,,0,98,,22375,190,,,0,100,,22376,190,,,0,100,,22374,190,,,0,100,,22367,190,,,0,100,,22368,190,,,0,100,,22366,190,,,0,101,,22362,190,,,0,30,,22377,190,,,0,70,,22361,190,,,0,30,,22356,190,,,0,70,,22357,190,,,0,30,,22358,190,,,0,70,,22363,190,,,0,98,,22364,190,,,0,100,,22365,190,,,0,99,,22359,190,,,0,100,,22360,190,,,0
30301,'Week-end-01',812,,19504,190,0,47 13,0,100,,19505,190,0,47 13,0,100,,19506,190,0,47 13,0,100,,19507,190,0,47 13,0,101,,19508,190,0,47 13,0,100,,19509,190,0,47 13,0,100,,19510,190,0,47 13,0,100,,19511,190,0,47 13,0,100,,19512,190,0,47 13,0,100,,19513,190,0,47 13,0,100,,19514,190,0,47 13,0,99,,19515,190,0,47 13,0,100,,19516,190,0,47 13,0,100,,19517,190,0,47 13,0,100,,19518,190,0,47 13,0
30600,'Semaine-03',618,,22393,30,,,0,30,,22394,30,,,0,70,,22395,30,,,0,30,,22396,30,,,0,70,,22397,30,,,0,30,,22398,30,,,0,100,,22399,30,,,0,100,,22400,30,,,0,100,,22401,30,,,0,100,,22402,30,,,0,100,,22403,30,,,0,100,,22404,30,,,0,100,,22405,30,,,0,70,,22406,30,,,0,30,,22407,30,,,0,70,,22408,30,,,0,30,,22409,30,,,0,70,,22410,30,,,0,30,,22411,30,,,0,100,,22412,30,,,0,100,,22413,30,,,0,100,,22414,30,,,0,100,,22415,30,,,0
30600,'Week-end-01',848,,19580,30,,,0,100,,19581,30,,,0,100,,19582,30,,,0,100,,19583,30,,,0,100,,19584,30,,,0,100,,19585,30,,,0,100,,19586,30,,,0,100,,19587,30,,,0,100,,19588,30,,,0,100,,19589,30,,,0,100,,19590,30,,,0,100,,19591,30,,,0,100,,19592,30,,,0,100,,19593,30,,,0,100,,19594,30,,,0
30601,'Semaine-03',543,,22431,80,,,0,100,,22432,80,,,0,70,,22433,80,,,0,32,,22434,80,,,0,70,,22435,80,,,0,98,,22436,80,,,0,100,,22437,80,,,0,100,,22438,80,,,0,100,,22439,80,,,0,100,,22440,80,,,0,100,,22441,80,,,0,101,,22442,80,,,0,30,,22443,80,,,0,70,,22444,80,,,0,30,,22445,80,,,0,70,,22446,80,,,0,30,,22447,80,,,0,70,,22448,80,,,0,98,,22452,80,,,0,100,,22449,80,,,0,99,,22450,80,,,0,100,,22451,80,,,0
30601,'Week-end-01',811,,19654,80,,,0,100,,19655,80,,,0,100,,19656,80,,,0,100,,19657,80,,,0,101,,19658,80,,,0,100,,19659,80,,,0,100,,19660,80,,,0,100,,19661,80,,,0,100,,19662,80,,,0,100,,19663,80,,,0,100,,19664,80,,,0,99,,19665,80,,,0,100,,19666,80,,,0,100,,19667,80,,,0,100,,19668,80,,,0
30900,'Semaine-03',620,,22468,30,,,0,30,,22469,30,,,0,70,,22470,30,,,0,30,,22471,30,,,0,70,,22472,30,,,0,30,,22473,30,,,0,100,,22474,30,,,0,100,,22475,30,,,0,100,,22476,30,,,0,100,,22477,30,,,0,100,,22478,30,,,0,100,,22479,30,,,0,100,,22480,30,,,0,70,,22481,30,,,0,30,,22482,30,,,0,70,,22483,30,,,0,30,,22484,30,,,0,70,,22485,30,,,0,30,,22486,30,,,0,100,,22487,30,,,0,100,,22488,30,,,0,100,,22489,30,,,0,100,,22490,30,,,0
30900,'Week-end-01',850,,19730,30,,,0,100,,19731,30,,,0,100,,19732,30,,,0,100,,19733,30,,,0,100,,19734,30,,,0,100,,19735,30,,,0,100,,19736,30,,,0,100,,19737,30,,,0,100,,19738,30,,,0,100,,19739,30,,,0,100,,19740,30,,,0,100,,19741,30,,,0,100,,19742,30,,,0,100,,19743,30,,,0,100,,19744,30,,,0
30901,'Semaine-03',545,,22506,20,,,0,100,,22507,20,,,0,70,,22508,20,,,0,32,,22509,20,,,0,70,,22510,20,,,0,98,,22511,20,,,0,100,,22512,20,,,0,100,,22513,20,,,0,100,,22514,20,,,0,100,,22515,20,,,0,100,,22516,20,,,0,101,,22517,20,,,0,30,,22518,20,,,0,70,,22519,20,,,0,30,,22520,20,,,0,70,,22521,20,,,0,30,,22522,20,,,0,70,,22523,20,,,0,98,,22527,20,,,0,100,,22524,20,,,0,99,,22525,20,,,0,100,,22526,20,,,0
30901,'Week-end-01',813,,19804,20,,,0,100,,19805,20,,,0,100,,19806,20,,,0,100,,19807,20,,,0,101,,19808,20,,,0,100,,19809,20,,,0,100,,19810,20,,,0,100,,19811,20,,,0,100,,19812,20,,,0,100,,19813,20,,,0,100,,19814,20,,,0,99,,19815,20,,,0,100,,19816,20,,,0,100,,19817,20,,,0,100,,19818,20,,,0
31000,'Semaine-03',618,,22543,30,,,0,30,,22544,30,,,0,70,,22545,30,,,0,30,,22546,30,,,0,70,,22547,30,,,0,30,,22548,30,,,0,100,,22549,30,,,0,100,,22550,30,,,0,100,,22551,30,,,0,100,,22552,30,,,0,100,,22553,30,,,0,100,,22554,30,,,0,100,,22555,30,,,0,70,,22556,30,,,0,30,,22557,30,,,0,70,,22558,30,,,0,30,,22559,30,,,0,70,,22560,30,,,0,30,,22561,30,,,0,100,,22562,30,,,0,100,,22563,30,,,0,100,,22564,30,,,0,100,,22565,30,,,0
31000,'Week-end-01',848,,19880,30,,,0,100,,19881,30,,,0,100,,19882,30,,,0,100,,19883,30,,,0,100,,19884,30,,,0,100,,19885,30,,,0,100,,19886,30,,,0,100,,19887,30,,,0,100,,19888,30,,,0,100,,19889,30,,,0,100,,19890,30,,,0,100,,19891,30,,,0,100,,19892,30,,,0,100,,19893,30,,,0,100,,19894,30,,,0
31001,'Semaine-03',543,,22581,160,,,0,100,,22582,160,,,0,70,,22583,160,,,0,32,,22584,160,,,0,70,,22585,160,,,0,98,,22586,160,,,0,100,,22587,160,,,0,100,,22588,160,,,0,100,,22589,160,,,0,100,,22590,160,,,0,100,,22591,160,,,0,101,,22592,160,,,0,30,,22593,160,,,0,70,,22594,160,,,0,30,,22595,160,,,0,70,,22596,160,,,0,30,,22597,160,,,0,70,,22598,160,,,0,98,,22602,160,,,0,100,,22599,160,,,0,99,,22600,160,,,0,100,,22601,160,,,0
31001,'Week-end-01',811,,19954,160,,,0,100,,19955,160,,,0,100,,19956,160,,,0,100,,19957,160,,,0,101,,19958,160,,,0,100,,19959,160,,,0,100,,19960,160,,,0,100,,19961,160,,,0,100,,19962,160,,,0,100,,19963,160,,,0,100,,19964,160,,,0,99,,19965,160,,,0,100,,19966,160,,,0,100,,19967,160,,,0,100,,19968,160,,,0
31100,'Semaine-03',620,,22618,30,,,0,30,,22619,30,,,0,70,,22620,30,,,0,30,,22621,30,,,0,70,,22622,30,,,0,30,,22623,30,,,0,100,,22624,30,,,0,100,,22625,30,,,0,100,,22626,30,,,0,100,,22627,30,,,0,100,,22628,30,,,0,100,,22629,30,,,0,100,,22630,30,,,0,70,,22631,30,,,0,30,,22632,30,,,0,70,,22633,30,,,0,30,,22634,30,,,0,70,,22635,30,,,0,30,,22636,30,,,0,100,,22637,30,,,0,100,,22638,30,,,0,100,,22639,30,,,0,100,,22640,30,,,0
31100,'Week-end-01',850,,20030,30,,,0,100,,20031,30,,,0,100,,20032,30,,,0,100,,20033,30,,,0,100,,20034,30,,,0,100,,20035,30,,,0,100,,20036,30,,,0,100,,20037,30,,,0,100,,20038,30,,,0,100,,20039,30,,,0,100,,20040,30,,,0,100,,20041,30,,,0,100,,20042,30,,,0,100,,20043,30,,,0,100,,20044,30,,,0
31101,'Semaine-03',544,,22656,190,,,0,101,,22657,190,,,0,70,,22658,190,,,0,32,,22659,190,,,0,70,,22660,190,,,0,98,,22661,190,,,0,100,,22662,190,,,0,100,,22663,190,,,0,100,,22664,190,,,0,100,,22665,190,,,0,100,,22666,190,,,0,101,,22667,190,,,0,30,,22668,190,,,0,70,,22669,190,,,0,30,,22670,190,,,0,70,,22671,190,,,0,30,,22672,190,,,0,70,,22673,190,,,0,98,,22677,190,,,0,100,,22674,190,,,0,99,,22675,190,,,0,100,,22676,190,,,0
31101,'Week-end-01',813,,20104,190,,,0,100,,20105,190,,,0,100,,20106,190,,,0,100,,20107,190,,,0,101,,20108,190,,,0,100,,20109,190,,,0,100,,20110,190,,,0,100,,20111,190,,,0,100,,20112,190,,,0,100,,20113,190,,,0,100,,20114,190,,,0,99,,20115,190,,,0,100,,20116,190,,,0,100,,20117,190,,,0,100,,20118,190,,,0
31200,'Semaine-03',547,,22693,210,,,0,100,,22694,210,,,0,70,,22695,210,,,0,32,,22696,210,,,0,70,,22697,210,,,0,98,,22698,210,,,0,100,,22699,210,,,0,100,,22700,210,,,0,100,,22701,210,,,0,100,,22702,210,,,0,100,,22703,210,,,0,101,,22704,210,,,0,30,,22705,210,,,0,70,,22706,210,,,0,30,,22707,210,,,0,70,,22708,210,,,0,30,,22709,210,,,0,70,,22710,210,,,0,98,,22714,210,,,0,100,,22711,210,,,0,99,,22712,210,,,0,100,,22713,210,,,0
31200,'Week-end-01',812,,20178,210,,,0,100,,20179,210,,,0,100,,20180,210,,,0,100,,20181,210,,,0,101,,20182,210,,,0,100,,20183,210,,,0,100,,20184,210,,,0,100,,20185,210,,,0,100,,20186,210,,,0,100,,20187,210,,,0,100,,20188,210,,,0,99,,20189,210,,,0,100,,20190,210,,,0,100,,20191,210,,,0,100,,20192,210,,,0
31201,'Semaine-03',616,,22730,30,,,0,30,,22731,30,,,0,70,,22732,30,,,0,30,,22733,30,,,0,70,,22734,30,,,0,30,,22735,30,,,0,100,,22736,30,,,0,100,,22737,30,,,0,100,,22738,30,,,0,100,,22739,30,,,0,100,,22740,30,,,0,100,,22741,30,,,0,100,,22742,30,,,0,70,,22743,30,,,0,30,,22744,30,,,0,70,,22745,30,,,0,30,,22746,30,,,0,70,,22747,30,,,0,30,,22748,30,,,0,100,,22749,30,,,0,100,,22750,30,,,0,100,,22751,30,,,0,100,,22752,30,,,0
31201,'Week-end-01',849,,20254,30,,,0,100,,20255,30,,,0,100,,20256,30,,,0,100,,20257,30,,,0,100,,20258,30,,,0,100,,20259,30,,,0,100,,20260,30,,,0,100,,20261,30,,,0,100,,20262,30,,,0,100,,20263,30,,,0,100,,20264,30,,,0,100,,20265,30,,,0,100,,20266,30,,,0,100,,20267,30,,,0,100,,20268,30,,,0
