30300,'Semaine-03',609,,22318,20,,,0,30,,22319,20,,,0,70,,22320,20,,,0,30,,22321,20,,,0,70,,22322,20,,,0,30,,22323,20,,,0,100,,22334,20,,,0,100,,22324,20,,,0,100,,22325,20,,,0,100,,22326,20,,,0,100,,22327,20,,,0,100,,22328,20,,,0,100,,22329,20,,,0,70,,22335,20,,,0,30,,22336,20,,,0,70,,22330,20,,,0,30,,22331,20,,,0,70,,22332,20,,,0,30,,22333,20,,,0,100,,22337,20,,,0,100,,22338,20,,,0,100,,22339,20,,,0,100,,22340,20,,,0
30300,'Week-end-01',839,,19430,20,0,48 49 50,0,100,,19431,20,0,48 49 50,0,100,,19432,20,0,48 49 50,0,100,,19433,20,0,48 49 50,0,100,,19434,20,0,48 49 50,0,100,,19435,20,0,48 49 50,0,100,,19436,20,0,48 49 50,0,100,,19437,20,0,48 49 50,0,100,,19438,20,0,48 49 50,0,100,,19439,20,0,48 49 50,0,100,,19440,20,0,48 49 50,0,100,,19441,20,0,48 49 50,0,100,,19442,20,0,48 49 50,0,100,,19443,20,0,48 49 50,0,100,,19444,20,0,48 49 50,0
30600,'Semaine-03',608,,22393,20,,,0,30,,22394,20,,,0,70,,22395,20,,,0,30,,22396,20,,,0,70,,22397,20,,,0,30,,22398,20,,,0,100,,22399,20,,,0,100,,22400,20,,,0,100,,22401,20,,,0,100,,22402,20,,,0,100,,22403,20,,,0,100,,22404,20,,,0,100,,22405,20,,,0,70,,22406,20,,,0,30,,22407,20,,,0,70,,22408,20,,,0,30,,22409,20,,,0,70,,22410,20,,,0,30,,22411,20,,,0,100,,22412,20,,,0,100,,22413,20,,,0,100,,22414,20,,,0,100,,22415,20,,,0
30600,'Week-end-01',838,,19580,20,,,0,100,,19581,20,,,0,100,,19582,20,,,0,100,,19583,20,,,0,100,,19584,20,,,0,100,,19585,20,,,0,100,,19586,20,,,0,100,,19587,20,,,0,100,,19588,20,,,0,100,,19589,20,,,0,100,,19590,20,,,0,100,,19591,20,,,0,100,,19592,20,,,0,100,,19593,20,,,0,100,,19594,20,,,0
30900,'Semaine-03',610,,22468,20,,,0,30,,22469,20,,,0,70,,22470,20,,,0,30,,22471,20,,,0,70,,22472,20,,,0,30,,22473,20,,,0,100,,22474,20,,,0,100,,22475,20,,,0,100,,22476,20,,,0,100,,22477,20,,,0,100,,22478,20,,,0,100,,22479,20,,,0,100,,22480,20,,,0,70,,22481,20,,,0,30,,22482,20,,,0,70,,22483,20,,,0,30,,22484,20,,,0,70,,22485,20,,,0,30,,22486,20,,,0,100,,22487,20,,,0,100,,22488,20,,,0,100,,22489,20,,,0,100,,22490,20,,,0
30900,'Week-end-01',840,,19730,20,,,0,100,,19731,20,,,0,100,,19732,20,,,0,100,,19733,20,,,0,100,,19734,20,,,0,100,,19735,20,,,0,100,,19736,20,,,0,100,,19737,20,,,0,100,,19738,20,,,0,100,,19739,20,,,0,100,,19740,20,,,0,100,,19741,20,,,0,100,,19742,20,,,0,100,,19743,20,,,0,100,,19744,20,,,0
31000,'Semaine-03',608,,22543,20,,,0,30,,22544,20,,,0,70,,22545,20,,,0,30,,22546,20,,,0,70,,22547,20,,,0,30,,22548,20,,,0,100,,22549,20,,,0,100,,22550,20,,,0,100,,22551,20,,,0,100,,22552,20,,,0,100,,22553,20,,,0,100,,22554,20,,,0,100,,22555,20,,,0,70,,22556,20,,,0,30,,22557,20,,,0,70,,22558,20,,,0,30,,22559,20,,,0,70,,22560,20,,,0,30,,22561,20,,,0,100,,22562,20,,,0,100,,22563,20,,,0,100,,22564,20,,,0,100,,22565,20,,,0
31000,'Week-end-01',838,,19880,20,,,0,100,,19881,20,,,0,100,,19882,20,,,0,100,,19883,20,,,0,100,,19884,20,,,0,100,,19885,20,,,0,100,,19886,20,,,0,100,,19887,20,,,0,100,,19888,20,,,0,100,,19889,20,,,0,100,,19890,20,,,0,100,,19891,20,,,0,100,,19892,20,,,0,100,,19893,20,,,0,100,,19894,20,,,0
31100,'Semaine-03',610,,22618,20,,,0,30,,22619,20,,,0,70,,22620,20,,,0,30,,22621,20,,,0,70,,22622,20,,,0,30,,22623,20,,,0,100,,22624,20,,,0,100,,22625,20,,,0,100,,22626,20,,,0,100,,22627,20,,,0,100,,22628,20,,,0,100,,22629,20,,,0,100,,22630,20,,,0,70,,22631,20,,,0,30,,22632,20,,,0,70,,22633,20,,,0,30,,22634,20,,,0,70,,22635,20,,,0,30,,22636,20,,,0,100,,22637,20,,,0,100,,22638,20,,,0,100,,22639,20,,,0,100,,22640,20,,,0
31100,'Week-end-01',840,,20030,20,,,0,100,,20031,20,,,0,100,,20032,20,,,0,100,,20033,20,,,0,100,,20034,20,,,0,100,,20035,20,,,0,100,,20036,20,,,0,100,,20037,20,,,0,100,,20038,20,,,0,100,,20039,20,,,0,100,,20040,20,,,0,100,,20041,20,,,0,100,,20042,20,,,0,100,,20043,20,,,0,100,,20044,20,,,0
31201,'Semaine-03',609,,22730,20,,,0,30,,22731,20,,,0,70,,22732,20,,,0,30,,22733,20,,,0,70,,22734,20,,,0,30,,22735,20,,,0,100,,22736,20,,,0,100,,22737,20,,,0,100,,22738,20,,,0,100,,22739,20,,,0,100,,22740,20,,,0,100,,22741,20,,,0,100,,22742,20,,,0,70,,22743,20,,,0,30,,22744,20,,,0,70,,22745,20,,,0,30,,22746,20,,,0,70,,22747,20,,,0,30,,22748,20,,,0,100,,22749,20,,,0,100,,22750,20,,,0,100,,22751,20,,,0,100,,22752,20,,,0
31201,'Week-end-01',839,,20254,20,,,0,100,,20255,20,,,0,100,,20256,20,,,0,100,,20257,20,,,0,100,,20258,20,,,0,100,,20259,20,,,0,100,,20260,20,,,0,100,,20261,20,,,0,100,,20262,20,,,0,100,,20263,20,,,0,100,,20264,20,,,0,100,,20265,20,,,0,100,,20266,20,,,0,100,,20267,20,,,0,100,,20268,20,,,0
