22001,'Fête-1-01',822,,23271,610,,,0,200,,23268,610,,,0,199,,23266,610,,,0,200,,23267,610,,,0,200,,23265,610,,,0,201,,23270,610,,,0,200,,23269,610,,,0
22001,'Fête-2-01',529,,23272,280,0,6 7,0,29,,23273,280,0,6 7,0,67,,23274,610,,,0,30,,23275,610,,,0,71,,23276,610,,,0,31,,23277,610,,,0,71,,23278,610,,,0,29,,23279,610,,,0,99,,23280,610,,,0,100,,23281,610,,,0,100,,23282,610,,,0,100,,23283,610,,,0,100,,23284,610,,,0,101,,23285,610,,,0,100,,23286,610,,,0,102,,23287,610,,,0,70,,23288,610,,,0,71,,23289,610,,,0,30,,23290,610,,,0,28,,23291,610,,,0,68,,23292,610,,,0,30,,23293,610,,,0,100,,23294,610,,,0,99,,23295,610,,,0,100,,23296,610,,,0
22001,'Semaine-01',529,,23298,280,0,6 7,0,29,,23299,280,0,6 7,0,67,,23300,610,,,0,30,,23301,610,,,0,71,,23302,610,,,0,31,,23303,610,,,0,71,,23304,610,,,0,29,,23305,610,,,0,99,,23306,610,,,0,100,,23307,610,,,0,100,,23308,610,,,0,100,,23309,610,,,0,100,,23310,610,,,0,101,,23311,610,,,0,100,,23312,610,,,0,102,,23313,610,,,0,70,,23314,610,,,0,71,,23315,610,,,0,30,,23316,610,,,0,28,,23317,610,,,0,68,,23318,610,,,0,30,,23319,610,,,0,100,,23320,610,,,0,99,,23321,610,,,0,100,,23322,610,,,0
22001,'Week-end-01',822,,17356,610,,,0,200,,17353,610,,,0,199,,17351,610,,,0,200,,17352,610,,,0,200,,17350,610,,,0,201,,17355,610,,,0,200,,17354,610,,,0
22101,'Fête-1-01',922,,23324,610,,,0,200,,23328,610,,,0,200,,23329,610,,,0,200,,23330,610,,,0,200,,23325,610,,,0,200,,23327,610,,,0,200,,23326,610,,,0
22101,'Fête-2-01',542,,23332,220,0,6 7,0,70,,23333,220,0,6 7,0,31,,23334,610,,,0,70,,23331,610,,,0,31,,23335,610,,,0,70,,23336,610,,,0,30,,23337,610,,,0,85,,23338,610,,,0,100,,23339,610,,,0,100,,23340,610,,,0,100,,23341,610,,,0,100,,23342,610,,,0,100,,23343,610,,,0,100,,23344,610,,,0,100,,23345,610,,,0,85,,23346,610,,,0,30,,23347,610,,,0,70,,23348,610,,,0,31,,23349,610,,,0,68,,23350,610,,,0,30,,23351,610,,,0,85,,23352,610,,,0,99,,23353,610,,,0,100,,23354,610,,,0
22101,'Semaine-01',542,,23356,220,0,6 7,0,70,,23357,220,0,6 7,0,31,,23358,610,,,0,70,,23355,610,,,0,31,,23359,610,,,0,70,,23360,610,,,0,30,,23361,610,,,0,85,,23362,610,,,0,100,,23363,610,,,0,100,,23364,610,,,0,100,,23365,610,,,0,100,,23366,610,,,0,100,,23367,610,,,0,100,,23368,610,,,0,100,,23369,610,,,0,85,,23370,610,,,0,30,,23371,610,,,0,70,,23372,610,,,0,31,,23373,610,,,0,68,,23374,610,,,0,30,,23375,610,,,0,85,,23376,610,,,0,99,,23377,610,,,0,100,,23378,610,,,0
22101,'Week-end-01',922,,17412,610,,,0,200,,17416,610,,,0,200,,17417,610,,,0,200,,17418,610,,,0,200,,17413,610,,,0,200,,17415,610,,,0,200,,17414,610,,,0
22201,'Fête-1-01',758,,23393,220,,,0,100,,23381,220,,,0,100,,23380,220,,,0,100,,23379,220,,,0,100,,23382,220,,,0,100,,23383,220,,,0,100,,23384,220,,,0,100,,23385,220,,,0,100,,23386,220,,,0,100,,23387,220,,,0,100,,23388,220,,,0,100,,23389,220,,,0,100,,23390,220,,,0,100,,23391,220,,,0,99,,23392,220,0,8 6 22,0
22201,'Fête-2-01',547,,23411,220,,,0,80,,23394,220,,,0,30,,23412,220,,,0,80,,23395,220,,,0,80,,23396,220,,,0,110,,23397,220,,,0,100,,23398,220,,,0,100,,23399,220,,,0,100,,23400,220,,,0,100,,23401,220,,,0,100,,23402,220,,,0,100,,23403,220,,,0,100,,23404,220,,,0,80,,23413,220,,,0,35,,23405,220,,,0,80,,23406,220,,,0,105,,23407,220,,,0,100,,23408,220,,,0,100,,23409,220,,,0,100,,23410,220,0,8 6 22,0
22201,'Semaine-01',547,,23432,220,,,0,80,,23415,220,,,0,30,,23433,220,,,0,80,,23416,220,,,0,80,,23417,220,,,0,110,,23418,220,,,0,100,,23419,220,,,0,100,,23420,220,,,0,100,,23421,220,,,0,100,,23422,220,,,0,100,,23423,220,,,0,100,,23424,220,,,0,100,,23425,220,,,0,80,,23434,220,,,0,35,,23426,220,,,0,80,,23427,220,,,0,105,,23428,220,,,0,100,,23429,220,,,0,100,,23430,220,,,0,100,,23431,220,0,8 6 22,0
22201,'Week-end-01',758,,17490,220,,,0,100,,17478,220,,,0,100,,17477,220,,,0,100,,17476,220,,,0,100,,17479,220,,,0,100,,17480,220,,,0,100,,17481,220,,,0,100,,17482,220,,,0,100,,17483,220,,,0,100,,17484,220,,,0,100,,17485,220,,,0,100,,17486,220,,,0,100,,17487,220,,,0,100,,17488,220,,,0,99,,17489,220,0,8 6 22,0
