23101,'Fête-1-01',857,,23777,330,,,0,100,,23776,330,,,0,100,,23778,330,,,0,100,,23774,330,,,0,100,,23779,330,,,0,100,,23773,330,,,0,100,,23780,330,,,0,100,,23772,330,,,0,100,,23781,330,,,0,100,,23775,330,,,0,100,,23782,330,,,0,100,,23771,330,,,0,100,,23783,330,,,0,100,,23770,330,,,0
23101,'Fête-2-01',631,,23785,330,,,0,24,,23786,330,,,0,77,,23787,330,,,0,27,,23788,330,,,0,74,,23789,330,,,0,96,,23790,330,,,0,100,,23791,330,,,0,100,,23792,330,,,0,100,,23793,330,,,0,100,,23794,330,,,0,101,,23795,330,,,0,100,,23796,330,,,0,88,,23797,330,,,0,32,,23798,330,,,0,67,,23799,330,,,0,27,,23800,330,,,0,72,,23801,330,,,0,27,,23802,330,,,0,85,,23803,330,,,0,100,,23804,330,,,0,103,,23805,330,,,0,100,,23806,330,,,0
23101,'Semaine-01',631,,23808,330,,,0,24,,23809,330,,,0,77,,23810,330,,,0,27,,23811,330,,,0,74,,23812,330,,,0,96,,23813,330,,,0,100,,23814,330,,,0,100,,23815,330,,,0,100,,23816,330,,,0,100,,23817,330,,,0,101,,23818,330,,,0,100,,23819,330,,,0,88,,23820,330,,,0,32,,23821,330,,,0,67,,23822,330,,,0,27,,23823,330,,,0,72,,23824,330,,,0,27,,23825,330,,,0,85,,23826,330,,,0,100,,23827,330,,,0,103,,23828,330,,,0,100,,23829,330,,,0
23101,'Week-end-01',857,,17953,330,,,0,100,,17952,330,,,0,100,,17954,330,,,0,100,,17950,330,,,0,100,,17955,330,,,0,100,,17949,330,,,0,100,,17956,330,,,0,100,,17948,330,,,0,100,,17957,330,,,0,100,,17951,330,,,0,100,,17958,330,,,0,100,,17947,330,,,0,100,,17959,330,,,0,100,,17946,330,,,0
23300,'Fête-1-01',850,,23896,230,,,0,200,,23898,230,,,0,199,,23894,230,,,0,201,,23899,230,,,0,200,,23897,230,,,0,198,,23895,230,,,0,200,,23892,230,,,0,200,,23893,230,0,8 41 1 42 43 44,0
23300,'Fête-2-01',619,,23900,230,,,0,39,,23901,230,,,0,162,,23911,230,,,0,230,,23902,230,,,0,200,,23903,230,,,0,201,,23904,230,,,0,175,,23905,230,,,0,104,,23906,230,,,0,100,,23910,230,,,0,105,,23907,230,,,0,115,,23908,230,,,0,207,,23909,230,0,8 41 1 42 43 44,0
23300,'Semaine-01',619,,23912,230,,,0,39,,23913,230,,,0,162,,23923,230,,,0,230,,23914,230,,,0,200,,23915,230,,,0,201,,23916,230,,,0,175,,23917,230,,,0,104,,23918,230,,,0,100,,23922,230,,,0,105,,23919,230,,,0,115,,23920,230,,,0,207,,23921,230,0,8 41 1 42 43 44,0
23300,'Week-end-01',850,,18073,230,,,0,200,,18075,230,,,0,199,,18071,230,,,0,201,,18076,230,,,0,200,,18074,230,,,0,198,,18072,230,,,0,200,,18069,230,,,0,200,,18070,230,0,8 41 1 42 43 44,0
23400,'Fête-1-01',948,,23929,220,,,0,200,,23927,220,,,0,201,,23924,220,,,0,202,,23926,220,,,0,197,,23925,220,,,0,200,,23930,220,,,0,200,,23928,220,,,0
23400,'Fête-2-01',638,,23932,220,,,0,106,,23945,220,,,0,103,,23933,220,,,0,102,,23934,220,,,0,200,,23935,220,,,0,201,,23936,220,,,0,202,,23937,220,,,0,148,,23938,220,,,0,59,,23939,220,,,0,98,,23944,220,,,0,91,,23940,220,,,0,200,,23941,220,,,0
23400,'Semaine-01',638,,23946,220,,,0,106,,23959,220,,,0,103,,23947,220,,,0,102,,23948,220,,,0,200,,23949,220,,,0,201,,23950,220,,,0,202,,23951,220,,,0,148,,23952,220,,,0,59,,23953,220,,,0,98,,23958,220,,,0,91,,23954,220,,,0,200,,23955,220,,,0
23400,'Week-end-01',948,,18118,220,,,0,200,,18116,220,,,0,201,,18113,220,,,0,202,,18115,220,,,0,197,,18114,220,,,0,200,,18119,220,,,0,200,,18117,220,,,0
