22001,'Fête-1-01',830,,23271,780,,,0,200,,23268,780,,,0,199,,23266,780,,,0,200,,23267,780,,,0,200,,23265,780,,,0,201,,23270,780,,,0,200,,23269,780,,,0
22001,'Fête-2-01',538,,23272,450,0,6 7,0,70,,23273,450,0,6 7,0,27,,23274,780,,,0,70,,23275,780,,,0,31,,23276,780,,,0,71,,23277,780,,,0,31,,23278,780,,,0,69,,23279,780,,,0,99,,23280,780,,,0,100,,23281,780,,,0,100,,23282,780,,,0,100,,23283,780,,,0,100,,23284,780,,,0,101,,23285,780,,,0,100,,23286,780,,,0,102,,23287,780,,,0,30,,23288,780,,,0,70,,23289,780,,,0,30,,23290,780,,,0,68,,23291,780,,,0,27,,23292,780,,,0,70,,23293,780,,,0,100,,23294,780,,,0,99,,23295,780,,,0,100,,23296,780,,,0
22001,'Semaine-01',538,,23298,450,0,6 7,0,70,,23299,450,0,6 7,0,27,,23300,780,,,0,70,,23301,780,,,0,31,,23302,780,,,0,71,,23303,780,,,0,31,,23304,780,,,0,69,,23305,780,,,0,99,,23306,780,,,0,100,,23307,780,,,0,100,,23308,780,,,0,100,,23309,780,,,0,100,,23310,780,,,0,101,,23311,780,,,0,100,,23312,780,,,0,102,,23313,780,,,0,30,,23314,780,,,0,70,,23315,780,,,0,30,,23316,780,,,0,68,,23317,780,,,0,27,,23318,780,,,0,70,,23319,780,,,0,100,,23320,780,,,0,99,,23321,780,,,0,100,,23322,780,,,0
22001,'Week-end-01',830,,17356,780,,,0,200,,17353,780,,,0,199,,17351,780,,,0,200,,17352,780,,,0,200,,17350,780,,,0,201,,17355,780,,,0,200,,17354,780,,,0
22101,'Fête-1-01',930,,23324,780,,,0,200,,23328,780,,,0,200,,23329,780,,,0,200,,23330,780,,,0,200,,23325,780,,,0,200,,23327,780,,,0,200,,23326,780,,,0
22101,'Fête-2-01',553,,23332,390,0,6 7,0,70,,23333,390,0,6 7,0,31,,23334,780,,,0,70,,23331,780,,,0,31,,23335,780,,,0,70,,23336,780,,,0,30,,23337,780,,,0,85,,23338,780,,,0,100,,23339,780,,,0,100,,23340,780,,,0,100,,23341,780,,,0,100,,23342,780,,,0,100,,23343,780,,,0,100,,23344,780,,,0,100,,23345,780,,,0,85,,23346,780,,,0,30,,23347,780,,,0,70,,23348,780,,,0,30,,23349,780,,,0,67,,23350,780,,,0,30,,23351,780,,,0,85,,23352,780,,,0,99,,23353,780,,,0,100,,23354,780,,,0
22101,'Semaine-01',553,,23356,390,0,6 7,0,70,,23357,390,0,6 7,0,31,,23358,780,,,0,70,,23355,780,,,0,31,,23359,780,,,0,70,,23360,780,,,0,30,,23361,780,,,0,85,,23362,780,,,0,100,,23363,780,,,0,100,,23364,780,,,0,100,,23365,780,,,0,100,,23366,780,,,0,100,,23367,780,,,0,100,,23368,780,,,0,100,,23369,780,,,0,85,,23370,780,,,0,30,,23371,780,,,0,70,,23372,780,,,0,30,,23373,780,,,0,67,,23374,780,,,0,30,,23375,780,,,0,85,,23376,780,,,0,99,,23377,780,,,0,100,,23378,780,,,0
22101,'Week-end-01',930,,17412,780,,,0,200,,17416,780,,,0,200,,17417,780,,,0,200,,17418,780,,,0,200,,17413,780,,,0,200,,17415,780,,,0,200,,17414,780,,,0
22201,'Fête-1-01',840,,23393,980,,,0,100,,23381,980,,,0,100,,23380,980,,,0,100,,23379,980,,,0,100,,23382,980,,,0,100,,23383,980,,,0,100,,23384,980,,,0,100,,23385,980,,,0,100,,23386,980,,,0,100,,23387,980,,,0,100,,23388,980,,,0,100,,23389,980,,,0,100,,23390,980,,,0,100,,23391,980,,,0
22201,'Fête-2-01',607,,23414,490,0,6 7,0,23,,23411,980,,,0,80,,23394,980,,,0,30,,23412,980,,,0,82,,23395,980,,,0,80,,23396,980,,,0,108,,23397,980,,,0,100,,23398,980,,,0,100,,23399,980,,,0,100,,23400,980,,,0,100,,23401,980,,,0,100,,23402,980,,,0,100,,23403,980,,,0,102,,23404,980,,,0,40,,23413,980,,,0,75,,23405,980,,,0,80,,23406,980,,,0,103,,23407,980,,,0,100,,23408,980,,,0,100,,23409,980,,,0
22201,'Semaine-01',607,,23435,490,0,6 7,0,23,,23432,980,,,0,80,,23415,980,,,0,30,,23433,980,,,0,82,,23416,980,,,0,80,,23417,980,,,0,108,,23418,980,,,0,100,,23419,980,,,0,100,,23420,980,,,0,100,,23421,980,,,0,100,,23422,980,,,0,100,,23423,980,,,0,100,,23424,980,,,0,102,,23425,980,,,0,40,,23434,980,,,0,75,,23426,980,,,0,80,,23427,980,,,0,103,,23428,980,,,0,100,,23429,980,,,0,100,,23430,980,,,0
22201,'Week-end-01',840,,17490,980,,,0,100,,17478,980,,,0,100,,17477,980,,,0,100,,17476,980,,,0,100,,17479,980,,,0,100,,17480,980,,,0,100,,17481,980,,,0,100,,17482,980,,,0,100,,17483,980,,,0,100,,17484,980,,,0,100,,17485,980,,,0,100,,17486,980,,,0,100,,17487,980,,,0,100,,17488,980,,,0
22501,'Fête-1-01',933,,23436,630,,,0,204,,23437,630,,,0,201,,23438,630,,,0,200,,23439,630,,,0,197,,23440,630,,,0,197,,23441,630,,,0,198,,23442,630,,,0
22501,'Fête-2-01',555,,23443,340,0,6 7,0,83,,23444,630,,,0,70,,23445,630,,,0,31,,23446,630,,,0,80,,23447,630,,,0,40,,23448,630,,,0,80,,23449,630,,,0,96,,23450,630,,,0,103,,23451,630,,,0,100,,23452,630,,,0,99,,23453,630,,,0,102,,23454,630,,,0,100,,23455,630,,,0,100,,23456,630,,,0,90,,23457,630,,,0,80,,23458,630,,,0,41,,23459,630,,,0,70,,23460,630,,,0,30,,23461,630,,,0,85,,23462,630,,,0,100,,23463,630,,,0,98,,23464,630,,,0
22501,'Semaine-01',555,,23465,340,0,6 7,0,83,,23466,630,,,0,70,,23467,630,,,0,31,,23468,630,,,0,80,,23469,630,,,0,40,,23470,630,,,0,80,,23471,630,,,0,96,,23472,630,,,0,103,,23473,630,,,0,100,,23474,630,,,0,99,,23475,630,,,0,102,,23476,630,,,0,100,,23477,630,,,0,100,,23478,630,,,0,90,,23479,630,,,0,80,,23480,630,,,0,41,,23481,630,,,0,70,,23482,630,,,0,30,,23483,630,,,0,85,,23484,630,,,0,100,,23485,630,,,0,98,,23486,630,,,0
22501,'Week-end-01',933,,17542,630,,,0,204,,17543,630,,,0,201,,17544,630,,,0,200,,17545,630,,,0,197,,17546,630,,,0,197,,17547,630,,,0,198,,17548,630,,,0
40501,'Semaine-01',1638,,25707,110,,,0,170,,25708,110,,,0
