23300,'Fête-1-01',838,,23896,60,,,0,200,,23898,60,,,0,200,,23894,60,,,0,200,,23899,60,,,0,200,,23897,60,,,0,200,,23895,60,,,0,200,,23892,60,,,0,200,,23893,60,0,8 41 1 42 43 44,0
23300,'Fête-2-01',608,,23900,60,,,0,38,,23901,60,,,0,162,,23911,60,,,0,230,,23902,60,,,0,200,,23903,60,,,0,200,,23904,60,,,0,175,,23905,60,,,0,105,,23906,60,,,0,100,,23910,60,,,0,105,,23907,60,,,0,115,,23908,60,,,0,207,,23909,60,0,8 41 1 42 43 44,0
23300,'Semaine-01',608,,23912,60,,,0,38,,23913,60,,,0,162,,23923,60,,,0,230,,23914,60,,,0,200,,23915,60,,,0,200,,23916,60,,,0,175,,23917,60,,,0,105,,23918,60,,,0,100,,23922,60,,,0,105,,23919,60,,,0,115,,23920,60,,,0,207,,23921,60,0,8 41 1 42 43 44,0
23300,'Week-end-01',838,,18073,60,,,0,200,,18075,60,,,0,200,,18071,60,,,0,200,,18076,60,,,0,200,,18074,60,,,0,200,,18072,60,,,0,200,,18069,60,,,0,200,,18070,60,0,8 41 1 42 43 44,0
23400,'Fête-1-01',938,,23929,60,,,0,200,,23927,60,,,0,200,,23924,60,,,0,200,,23926,60,,,0,200,,23925,60,,,0,200,,23930,60,,,0,200,,23928,60,,,0
23400,'Fête-2-01',627,,23932,60,,,0,106,,23945,60,,,0,103,,23933,60,,,0,102,,23934,60,,,0,200,,23935,60,,,0,200,,23936,60,,,0,200,,23937,60,,,0,108,,23938,60,,,0,102,,23939,60,,,0,98,,23944,60,,,0,92,,23940,60,,,0,200,,23941,60,,,0
23400,'Semaine-01',627,,23946,60,,,0,106,,23959,60,,,0,103,,23947,60,,,0,102,,23948,60,,,0,200,,23949,60,,,0,200,,23950,60,,,0,200,,23951,60,,,0,108,,23952,60,,,0,102,,23953,60,,,0,98,,23958,60,,,0,92,,23954,60,,,0,200,,23955,60,,,0
23400,'Week-end-01',938,,18118,60,,,0,200,,18116,60,,,0,200,,18113,60,,,0,200,,18115,60,,,0,200,,18114,60,,,0,200,,18119,60,,,0,200,,18117,60,,,0
23900,'Fête-1-01',837,,24248,60,,,0,101,,24256,60,,,0,100,,24257,60,,,0,100,,24258,60,,,0,100,,24259,60,,,0,100,,24260,60,,,0,100,,24261,60,,,0,100,,24254,60,,,0,100,,24250,60,,,0,100,,24249,60,,,0,100,,24251,60,,,0,99,,24252,60,,,0,100,,24253,60,,,0,100,,24255,60,,,0,100,,24262,60,0,8 35 1 36,0
23900,'Fête-2-01',624,,24264,60,,,0,20,,24288,60,,,0,68,,24265,60,,,0,27,,24266,60,,,0,69,,24280,60,,,0,30,,24277,60,,,0,100,,24267,60,,,0,100,,24268,60,,,0,99,,24269,60,,,0,101,,24270,60,,,0,100,,24271,60,,,0,100,,24272,60,,,0,100,,24273,60,,,0,75,,24274,60,,,0,35,,24285,60,,,0,80,,24286,60,,,0,19,,24281,60,,,0,76,,24278,60,,,0,22,,24275,60,,,0,78,,24287,60,,,0,114,,24284,60,,,0,100,,24283,60,,,0,107,,24282,60,0,8 35 1 36,0
23900,'Semaine-01',624,,24289,60,,,0,20,,24313,60,,,0,68,,24290,60,,,0,27,,24291,60,,,0,69,,24305,60,,,0,30,,24302,60,,,0,100,,24292,60,,,0,100,,24293,60,,,0,99,,24294,60,,,0,101,,24295,60,,,0,100,,24296,60,,,0,100,,24297,60,,,0,100,,24298,60,,,0,75,,24299,60,,,0,35,,24310,60,,,0,80,,24311,60,,,0,19,,24306,60,,,0,76,,24303,60,,,0,22,,24300,60,,,0,78,,24312,60,,,0,114,,24309,60,,,0,100,,24308,60,,,0,107,,24307,60,0,8 35 1 36,0
23900,'Week-end-01',837,,18551,60,,,0,101,,18559,60,,,0,100,,18560,60,,,0,100,,18561,60,,,0,100,,18562,60,,,0,100,,18563,60,,,0,100,,18564,60,,,0,100,,18557,60,,,0,100,,18553,60,,,0,100,,18552,60,,,0,100,,18554,60,,,0,99,,18555,60,,,0,100,,18556,60,,,0,100,,18558,60,,,0,100,,18565,60,0,8 35 1 36,0
