24901,'Fête-1-01',738,,24699,350,,,0,168,,24700,350,,,0,130,,24701,350,,,0,170,,24702,350,,,0,130,,24703,350,,,0,170,,24704,350,,,0,130,,24705,350,,,0,170,,24706,350,,,0,130,,24707,350,,,0,170,,24708,350,,,0,130,,24709,350,,,0
24901,'Fête-2-01',601,,24710,350,,,0,23,,24711,350,,,0,78,,24712,350,,,0,98,,24713,350,,,0,24,,24714,350,,,0,105,,24715,350,,,0,95,,24716,350,,,0,100,,24717,350,,,0,100,,24718,350,,,0,100,,24719,350,,,0,100,,24720,350,,,0,121,,24721,350,,,0,90,,24722,350,,,0,79,,24723,350,,,0,32,,24724,350,,,0,92,,24725,350,,,0,102,,24726,350,,,0,101,,24727,350,,,0,103,,24728,350,,,0,97,,24729,350,,,0
24901,'Semaine-01',601,,24730,350,,,0,23,,24731,350,,,0,78,,24732,350,,,0,57,,24733,350,,,0,65,,24734,350,,,0,105,,24735,350,,,0,95,,24736,350,,,0,100,,24737,350,,,0,100,,24738,350,,,0,100,,24739,350,,,0,100,,24740,350,,,0,99,,24741,350,,,0,22,,24742,350,,,0,90,,24743,350,,,0,79,,24744,350,,,0,34,,24745,350,,,0,90,,24746,350,,,0,102,,24747,350,,,0,101,,24748,350,,,0,103,,24749,350,,,0,97,,24750,350,,,0
24901,'Week-end-01',738,,19032,350,,,0,168,,19033,350,,,0,130,,19034,350,,,0,170,,19035,350,,,0,130,,19036,350,,,0,170,,19037,350,,,0,130,,19038,350,,,0,170,,19039,350,,,0,130,,19040,350,,,0,170,,19041,350,,,0,130,,19042,350,,,0
25301,'Fête-2-01',525,,24900,210,,,0,95,,24903,210,,,0,26,,24904,210,,,0,77,,24901,210,,,0,20,,24902,210,,,0
25301,'Semaine-01',525,,24905,210,,,0,95,,24908,210,,,0,26,,24909,210,,,0,77,,24906,210,,,0,20,,24907,210,,,0
61001,'Fête-1-01',716,,25948,440,0,31 32,0,100,,25949,440,0,31 32,0,100,,25950,440,0,31 32,0,100,,25951,440,0,31 32,0,100,,25952,440,0,31 32,0,100,,25953,440,0,31 32,0,100,,25954,440,0,31 32,0,100,,25955,440,0,31 32,0,100,,25956,440,0,31 32,0,100,,25957,440,0,31 32,0,100,,25958,440,0,31 32,0,99,,25959,440,0,31 32,0,100,,25960,440,0,31 32,0,100,,25961,440,0,31 32,0,100,,25962,440,0,31 32,0,100,,25963,440,0,31 32,0,100,,25964,440,0,31 32,0
61001,'Fête-2-01',550,,25965,440,0,31 32,0,70,,25966,440,,,0,100,,25967,440,,,0,99,,25968,440,,,0,99,,25969,440,,,0,100,,25970,440,,,0,99,,25971,440,,,0,100,,25972,440,,,0,100,,25973,440,,,0,100,,25974,440,,,0,101,,25975,440,,,0,101,,25976,440,,,0,103,,25977,440,,,0,99,,25978,440,,,0,95,,25979,440,,,0,100,,25980,440,,,0,100,,25981,440,,,0,100,,25982,440,0,31 32,0,100,,25983,440,0,31 32,0
61001,'Semaine-01',550,,25984,440,0,31 32,0,70,,25985,440,,,0,30,,25986,440,,,0,70,,25987,440,,,0,30,,25988,440,,,0,69,,25989,440,,,0,29,,26008,440,,,0,70,,25990,440,,,0,100,,25991,440,,,0,99,,25992,440,,,0,100,,25993,440,,,0,100,,25994,440,,,0,100,,25995,440,,,0,101,,25996,440,,,0,101,,25997,440,,,0,33,,25998,440,,,0,70,,25999,440,,,0,29,,26000,440,,,0,70,,26001,440,,,0,25,,26002,440,,,0,70,,26003,440,,,0,100,,26004,440,,,0,100,,26005,440,,,0,100,,26006,440,0,31 32,0,100,,26007,440,0,31 32,0
61001,'Week-end-01',716,,20618,440,0,31 32,0,100,,20619,440,0,31 32,0,100,,20620,440,0,31 32,0,100,,20621,440,0,31 32,0,100,,20622,440,0,31 32,0,100,,20623,440,0,31 32,0,100,,20624,440,0,31 32,0,100,,20625,440,0,31 32,0,100,,20626,440,0,31 32,0,100,,20627,440,0,31 32,0,100,,20628,440,0,31 32,0,99,,20629,440,0,31 32,0,100,,20630,440,0,31 32,0,100,,20631,440,0,31 32,0,100,,20632,440,0,31 32,0,100,,20633,440,0,31 32,0,100,,20634,440,0,31 32,0
