23300,'Fête-1-01',924,,23896,720,,,0,200,,23898,720,,,0,199,,23894,720,,,0,205,,23899,720,,,0,200,,23897,720,,,0,196,,23895,720,,,0,200,,23892,720,,,0
23300,'Fête-2-01',659,,23900,720,,,0,82,,23901,720,,,0,160,,23911,720,,,0,228,,23902,720,,,0,200,,23903,720,,,0,203,,23904,720,,,0,175,,23905,720,,,0,103,,23906,720,,,0,101,,23910,720,,,0,103,,23907,720,,,0,115,,23908,720,,,0
23300,'Semaine-01',659,,23912,720,,,0,82,,23913,720,,,0,160,,23923,720,,,0,228,,23914,720,,,0,200,,23915,720,,,0,203,,23916,720,,,0,175,,23917,720,,,0,103,,23918,720,,,0,101,,23922,720,,,0,103,,23919,720,,,0,115,,23920,720,,,0
23300,'Week-end-01',924,,18073,720,,,0,200,,18075,720,,,0,199,,18071,720,,,0,205,,18076,720,,,0,200,,18074,720,,,0,196,,18072,720,,,0,200,,18069,720,,,0
23400,'Fête-1-01',829,,23931,500,,,0,196,,23929,730,,,0,200,,23927,730,,,0,203,,23924,730,,,0,201,,23926,730,,,0,195,,23925,730,,,0,200,,23930,730,,,0,200,,23928,730,,,0
23400,'Fête-2-01',556,,23943,500,,,0,65,,23942,500,,,0,97,,23932,730,,,0,107,,23945,730,,,0,103,,23933,730,,,0,100,,23934,730,,,0,200,,23935,730,,,0,200,,23936,730,,,0,203,,23937,730,,,0,108,,23938,730,,,0,101,,23939,730,,,0,96,,23944,730,,,0,91,,23940,730,,,0,200,,23941,730,,,0
23400,'Semaine-01',556,,23957,500,,,0,65,,23956,500,,,0,97,,23946,730,,,0,107,,23959,730,,,0,103,,23947,730,,,0,100,,23948,730,,,0,200,,23949,730,,,0,200,,23950,730,,,0,203,,23951,730,,,0,108,,23952,730,,,0,101,,23953,730,,,0,96,,23958,730,,,0,91,,23954,730,,,0,200,,23955,730,,,0
23400,'Week-end-01',829,,18120,500,,,0,196,,18118,730,,,0,200,,18116,730,,,0,203,,18113,730,,,0,201,,18115,730,,,0,195,,18114,730,,,0,200,,18119,730,,,0,200,,18117,730,,,0
23600,'Fête-1-01',901,,24089,380,,,0,100,,24080,380,,,0,100,,24090,380,,,0,101,,24078,380,,,0,100,,24086,380,,,0,100,,24082,380,,,0,100,,24088,380,,,0,100,,24079,380,,,0,100,,24092,380,,,0,100,,24081,380,,,0,100,,24087,380,,,0,100,,24083,380,,,0,100,,24085,380,,,0,100,,24084,380,,,0
23600,'Fête-2-01',627,,24093,380,,,0,110,,24094,380,,,0,81,,24111,380,,,0,39,,24095,380,,,0,76,,24096,380,,,0,95,,24097,380,,,0,99,,24098,380,,,0,101,,24099,380,,,0,100,,24100,380,,,0,100,,24101,380,,,0,100,,24102,380,,,0,100,,24103,380,,,0,85,,24104,380,,,0,39,,24105,380,,,0,83,,24106,380,,,0,124,,24107,380,,,0,143,,24108,380,,,0,100,,24109,380,,,0
23600,'Semaine-01',627,,24112,380,,,0,110,,24113,380,,,0,81,,24130,380,,,0,39,,24114,380,,,0,76,,24115,380,,,0,95,,24116,380,,,0,99,,24117,380,,,0,101,,24118,380,,,0,100,,24119,380,,,0,100,,24120,380,,,0,100,,24121,380,,,0,100,,24122,380,,,0,85,,24123,380,,,0,39,,24124,380,,,0,83,,24125,380,,,0,124,,24126,380,,,0,143,,24127,380,,,0,100,,24128,380,,,0
23600,'Week-end-01',901,,18333,380,,,0,100,,18324,380,,,0,100,,18334,380,,,0,101,,18322,380,,,0,100,,18330,380,,,0,100,,18326,380,,,0,100,,18332,380,,,0,100,,18323,380,,,0,100,,18336,380,,,0,100,,18325,380,,,0,100,,18331,380,,,0,100,,18327,380,,,0,100,,18329,380,,,0,100,,18328,380,,,0
23900,'Fête-1-01',829,,24263,390,,,0,85,,24248,580,,,0,102,,24256,580,,,0,107,,24257,580,,,0,104,,24258,580,,,0,100,,24259,580,,,0,100,,24260,580,,,0,100,,24261,580,,,0,100,,24254,580,,,0,96,,24250,580,,,0,98,,24249,580,,,0,96,,24251,580,,,0,95,,24252,580,,,0,100,,24253,580,,,0,100,,24255,580,,,0
23900,'Fête-2-01',554,,24279,390,0,31 13,0,70,,24276,390,0,31 13,0,35,,24264,580,,,0,60,,24288,580,,,0,35,,24265,580,,,0,70,,24266,580,,,0,30,,24280,580,,,0,70,,24277,580,,,0,95,,24267,580,,,0,100,,24268,580,,,0,102,,24269,580,,,0,106,,24270,580,,,0,100,,24271,580,,,0,97,,24272,580,,,0,103,,24273,580,,,0,75,,24274,580,,,0,37,,24285,580,,,0,74,,24286,580,,,0,18,,24281,580,,,0,75,,24278,580,,,0,23,,24275,580,,,0,78,,24287,580,,,0,108,,24284,580,,,0,98,,24283,580,,,0
23900,'Semaine-01',554,,24304,390,0,31 13,0,70,,24301,390,0,31 13,0,35,,24289,580,,,0,60,,24313,580,,,0,35,,24290,580,,,0,70,,24291,580,,,0,30,,24305,580,,,0,70,,24302,580,,,0,95,,24292,580,,,0,100,,24293,580,,,0,102,,24294,580,,,0,106,,24295,580,,,0,100,,24296,580,,,0,97,,24297,580,,,0,103,,24298,580,,,0,75,,24299,580,,,0,37,,24310,580,,,0,74,,24311,580,,,0,18,,24306,580,,,0,75,,24303,580,,,0,23,,24300,580,,,0,78,,24312,580,,,0,108,,24309,580,,,0,98,,24308,580,,,0
23900,'Week-end-01',829,,18566,390,,,0,85,,18551,580,,,0,102,,18559,580,,,0,107,,18560,580,,,0,104,,18561,580,,,0,100,,18562,580,,,0,100,,18563,580,,,0,100,,18564,580,,,0,100,,18557,580,,,0,96,,18553,580,,,0,98,,18552,580,,,0,96,,18554,580,,,0,95,,18555,580,,,0,100,,18556,580,,,0,100,,18558,580,,,0
